|                             | NLTK_Positive_Sentiment | NLTK_Negative_Sentiment | NLTK_Neutral_Sentiment | NLTK_Compound_Sentiment | Toxic                  | Severe_toxic            | Obscene                 | Threat                 | Insult                 | Identity_hate          | Pull_Request           | Previous_Positive_Sentiment | Previous_Negative_Sentiment | Previous_Neutral_Sentiment | Previous_Compound_Sentiment | Previous_Toxic         | Previous_Severe_toxic  | Previous_Obscene       | Previous_Threat        | Previous_Insult        | Previous_Identity_hate | Previous_Timestamp     | SLOC                   | Time Difference       | Day_of_week_Friday     | Day_of_week_Monday      | Day_of_week_Saturday   | Day_of_week_Sunday     | Day_of_week_Thursday   | Day_of_week_Tuesday    | Day_of_week_Wednesday   | Time_of_day_Afternoon  | Time_of_day_Evening    | Time_of_day_Morning     | Time_of_day_Night      |
| --------------------------- | ----------------------- | ----------------------- | ---------------------- | ----------------------- | ---------------------- | ----------------------- | ----------------------- | ---------------------- | ---------------------- | ---------------------- | ---------------------- | --------------------------- | --------------------------- | -------------------------- | --------------------------- | ---------------------- | ---------------------- | ---------------------- | ---------------------- | ---------------------- | ---------------------- | ---------------------- | ---------------------- | --------------------- | ---------------------- | ----------------------- | ---------------------- | ---------------------- | ---------------------- | ---------------------- | ----------------------- | ---------------------- | ---------------------- | ----------------------- | ---------------------- |
| NLTK_Positive_Sentiment     | 1.0                     | -0.06066576207633514    | -0.7138843919123125    | 0.5850340716290129      | 0.007607240881404717   | 0.03838245065926768     | 0.0024491853780507456   | 0.013980470549048779   | -0.000371334532172981  | -0.007747490312545722  | -0.08239643799182922   | 0.054669207684889365        | 0.005906779913787748        | -0.043627986075542566      | 0.05324984318766567         | 0.015936197488244822   | 0.024814968642015968   | 0.002607865006183128   | 0.019129334385409938   | 0.005565810584545473   | 0.0074804420967306984  | -0.02380879438354028   | -0.009795654334432908  | 0.025541344483548792  | 0.011438101001674592   | -0.00031570052310990454 | -0.021402517224580166  | -0.014254640062488147  | -0.010818899236004617  | 0.014117846345882815   | 0.011252483625773422    | 0.002850886789750974   | 0.004209459824802407   | 0.025435331905772497    | -0.02925485614106153   |
| NLTK_Negative_Sentiment     | -0.06066576207633514    | 1.0                     | -0.6507131090801552    | -0.5339378634372473     | 0.04267073415417714    | -0.04727203614841411    | 0.012851046802622322    | 0.03647034763829584    | 0.012875333891748095   | -0.005997244950513426  | -0.06370226070970167   | -0.02755425989993121        | 0.01590450529443757         | 0.01087544306121714        | -0.017355946261162936       | -0.015419566504960404  | -0.01492113227267212   | -0.014134135618339904  | -0.01521495183820046   | -0.014469844023849241  | -0.01299617971627425   | 0.018748367669515487   | -0.006866440577463427  | 0.04274712180289334   | -0.004609890322681012  | 0.002054910821330886    | 0.019653025201458528   | -0.00677587885016638   | -0.0022009429721174343 | 0.0055361743967911005  | -0.010330634667977881   | 0.003427906775127968   | 0.011944500596821402   | -0.013988231796848468   | 2.9154230953036327e-05 |
| NLTK_Neutral_Sentiment      | -0.7138843919123125     | -0.6507131090801552     | 1.0                    | -0.07036706677860982    | -0.03548632201124615   | 0.005018167265702669    | -0.01078647826789055    | -0.036173187021310255  | -0.008688063234042467  | 0.01005671145512802    | 0.10695931337656017    | -0.021691473782495804       | -0.016520782016072315       | 0.025744102317861586       | -0.026977359265106936       | -0.0012575882148127232 | -0.008655575603421265  | 0.00791682216239661    | -0.003879098847971567  | 0.00591427889859237    | 0.0034341414666503945  | 0.004907292065307936   | 0.012242738552012487   | -0.04811999805526053  | -0.005029085441772832  | -0.0007814447628088402  | 0.002775319019139781   | 0.01578759820203455    | 0.010164442407802256   | -0.01657168653987503   | -0.0008851426361304219  | -0.005971951627363579  | -0.011101239830367485  | -0.008975798988564574   | 0.022742912627301014   |
| NLTK_Compound_Sentiment     | 0.5850340716290129      | -0.5339378634372473     | -0.07036706677860982   | 1.0                     | -0.01265099719400818   | 0.06596671407408432     | -0.004251840873409512   | 0.0023392422407675817  | -0.00570646451061038   | -0.0016557072964979986 | -0.021363415078973845  | 0.04630959541608107         | -0.002149479265251575       | -0.032897722729835044      | 0.04671817826396214         | 0.005802811286376018   | 0.022334704723527304   | 0.002782304404218165   | 0.011855128490469768   | 0.005484661782340388   | 0.008473793470766256   | -0.024829203516706148  | -0.004651456459403241  | -0.019285388537682982 | 0.004398594606563474   | 0.011513357234789976    | -0.03483033774626568   | -0.0033792789919095518 | -0.004609303945958374  | 0.0042918435029820415  | 0.012041736934119954    | -0.0004729795900692354 | -0.012658069325150985  | 0.03815174182709925     | -0.02440245720737274   |
| Toxic                       | 0.007607240881404717    | 0.04267073415417714     | -0.03548632201124615   | -0.01265099719400818    | 1.0                    | 0.6990272066987118      | 0.6541827151196544      | 0.7883394204181612     | 0.7791750165169029     | 0.37914738489291105    | -0.010114842923584897  | -0.014583189929204819       | -0.007200171470903101       | 0.01604610768120889        | -0.008622362876211718       | 0.00042658101586064487 | -0.0014689581055215856 | -0.0011424261884251366 | 0.0059083183839594424  | 7.007930174293597e-05  | 0.0027016627978905593  | 0.0037537992177096562  | -0.002120570491638522  | 0.004423305152768517  | 0.01584845882278781    | -0.005196544488833511   | 0.000848031862287817   | -0.009312661994388122  | -0.008682876088281059  | 0.017782490047318376   | -0.013685239623990035   | -0.010924793523191836  | 0.0009589467827924872  | 0.0016872181753135845   | 0.00859270555062072    |
| Severe_toxic                | 0.03838245065926768     | -0.04727203614841411    | 0.005018167265702669   | 0.06596671407408432     | 0.6990272066987118     | 1.0                     | 0.6529844412084026      | 0.6073792977105149     | 0.832863201561823      | 0.62364192168857       | 0.013103500765869788   | 0.0013263261167804567       | -0.007050912084093718       | 0.005215080536998536       | 0.011966669288448873        | 0.010304828578993765   | 0.011533951450902455   | 0.0010900925668984984  | 0.01954526133660525    | 0.0009074036147765461  | 0.005169226678785683   | -0.012513142769781386  | 0.0028549567960422383  | -0.0213712616682243   | 0.01585772032688832    | 0.013683712568033557    | -0.015360745085035514  | -0.023338736851341843  | -0.020962109907247665  | 0.021296396100471387   | -0.0019587613708954912  | -0.005407420772124982  | 0.001590638865446435   | -0.00017666100892089356 | 0.0043060341888202305  |
| Obscene                     | 0.0024491853780507456   | 0.012851046802622322    | -0.01078647826789055   | -0.004251840873409512   | 0.6541827151196544     | 0.6529844412084026      | 1.0                     | 0.5198871804810894     | 0.5776595363792838     | 0.21271996805600285    | -0.007901403410027034  | -0.012537346693820638       | -0.009038698262800985       | 0.015733641550983946       | -0.002317943818375511       | -0.0005549298159748422 | 0.0009494998727552923  | -0.001221602428438505  | 0.0015723551414857015  | -0.000507246914520365  | 0.0007207852213210837  | 0.0032490086870237064  | -0.0016193598953825506 | 0.02379499602592416   | 0.0024706855585868255  | 0.0038565964205518853   | 0.0025618037258494128  | -0.003181773690428407  | -0.01355651862689438   | 0.0077113133011438555  | -0.00010346172531863395 | -0.01462765569236911   | 0.00860505127893158    | -0.002400290433014597   | 0.010052412036003332   |
| Threat                      | 0.013980470549048779    | 0.03647034763829584     | -0.036173187021310255  | 0.0023392422407675817   | 0.7883394204181612     | 0.6073792977105149      | 0.5198871804810894      | 1.0                    | 0.6351019618148553     | 0.38844791173690885    | -0.007152473824203632  | -0.01092207041126367        | -0.008964303682394566       | 0.014434499340111902       | -0.003694681920828419       | 0.00396979817733701    | 0.003452898786666714   | 0.007249799264464913   | 0.010521885166118131   | 0.00799384339497941    | 0.013027699580083613   | 0.004181547910954738   | -0.0019556061928244503 | 0.02075948378388797   | 0.003948363474682802   | -0.005566727592721941   | 0.018001974101518794   | -0.013095441772831264  | -0.005655691141048083  | 0.015641230250471178   | -0.012240462720534548   | -0.005856355917248191  | -0.006346986924116866  | -0.007768231621128659   | 0.017832449552487924   |
| Insult                      | -0.000371334532172981   | 0.012875333891748095    | -0.008688063234042467  | -0.00570646451061038    | 0.7791750165169029     | 0.832863201561823       | 0.5776595363792838      | 0.6351019618148553     | 1.0                    | 0.7833250129377904     | -0.0069351577464120805 | -0.012979084951254648       | -0.0080072117940536         | 0.015348649569256655       | -0.00433988528506865        | 0.0049489798957936095  | -0.0022707822213288036 | 7.099221873867318e-05  | 0.016935736358151852   | 0.002170451512161827   | 0.007116160516256044   | 0.0026064996491905633  | -0.0014926205309906233 | 0.018189127607550485  | 0.020050922612317047   | -0.008043338812624612   | -0.0014077683372063876 | -0.007631063355058852  | -0.004415396608652474  | 0.007737767405589151   | -0.008483733128338375   | -0.009979858050504999  | 0.00296177259295316    | -0.0058110842302293636  | 0.0129178446732435     |
| Identity_hate               | -0.007747490312545722   | -0.005997244950513426   | 0.01005671145512802    | -0.0016557072964979986  | 0.37914738489291105    | 0.62364192168857        | 0.21271996805600285     | 0.38844791173690885    | 0.7833250129377904     | 1.0                    | -0.0031332848437703783 | -0.006885155385594494       | -0.004064346769782108       | 0.008024089966615038       | -0.0026058929991599755      | 0.007852818351142994   | -0.0053476879619243035 | 0.0009528905581585236  | 0.023844242167575618   | 0.00340646431714757    | 0.009923344553788065   | 0.0007557713683849142  | -0.0006493657952013154 | 0.012152175411824916  | 0.026505015075764284   | -0.001190712666075081   | -0.002848646649034051  | -0.0044749606816657924 | -0.006470062704800105  | -0.006825407420163658  | -0.005768469209022851   | -0.005195629770259245  | -0.00641867286181109   | -0.008255481861929282   | 0.017673922583766124   |
| Pull_Request                | -0.08239643799182922    | -0.06370226070970167    | 0.10695931337656017    | -0.021363415078973845   | -0.010114842923584897  | 0.013103500765869788    | -0.007901403410027034   | -0.007152473824203632  | -0.0069351577464120805 | -0.0031332848437703783 | 1.0                    | -0.022820125109008816       | 0.00962312597881523         | 0.011040384618423745       | -0.020034824650544014       | 0.005630067801150516   | 0.005254148596083458   | 0.02004308402523645    | 0.006499914088523303   | 0.0193673399616097     | 0.02274353423902322    | 0.021510755305277632   | 0.1514213419277296     | -0.09977976726271656  | 0.011717208860107535   | -0.004414550136796033   | -0.0025676940703593847 | -0.0024710537300336563 | 0.009390622728752001   | -0.015487006359290154  | 0.00312868676994479     | 0.0030147652029509082  | -0.00461425819034277   | 0.03164454078841579     | -0.028207128360962425  |
| Previous_Positive_Sentiment | 0.054669207684889365    | -0.02755425989993121    | -0.021691473782495804  | 0.04630959541608107     | -0.014583189929204819  | 0.0013263261167804567   | -0.012537346693820638   | -0.01092207041126367   | -0.012979084951254648  | -0.006885155385594494  | -0.022820125109008816  | 1.0                         | -0.05653055849312025        | -0.7105635900574925        | 0.5695141748604149          | -0.01668387330200717   | 0.006847454914934252   | -0.0031962390197296095 | -0.00815411366729182   | -0.004297431351947186  | 0.007484090218404138   | 0.016633531065567166   | 0.0034065637784830745  | -0.008578719108448507 | 0.013349630872758362   | 0.015472324832812193    | -0.009128420619175466  | -0.02372282199889048   | -0.02545172941154487   | 0.011060006120978256   | 0.009508070487117366    | -0.007083234430404924  | -0.025015172806624634  | 0.049159285911883094    | -0.01823115884928887   |
| Previous_Negative_Sentiment | 0.005906779913787748    | 0.01590450529443757     | -0.016520782016072315  | -0.002149479265251575   | -0.007200171470903101  | -0.007050912084093718   | -0.009038698262800985   | -0.008964303682394566  | -0.0080072117940536    | -0.004064346769782108  | 0.00962312597881523    | -0.05653055849312025        | 1.0                         | -0.6478755811705462        | -0.5359058478706887         | -0.006569840816585323  | -0.048603623159038475  | -0.00801300120037638   | -0.011232321291017764  | -0.009320648068152693  | -0.01314023618948271   | -0.004395513039468791  | -0.0036995262503400983 | 0.02165322113677539   | 0.00797626125127374    | -0.010467749068966295   | -0.00275923048427747   | 0.016267663079543946   | 0.015229169483105591   | -0.01790619800032976   | -0.003955582402300605   | -0.021615259069594016  | -0.004648293576168496  | 0.003823548730755311    | 0.021648978508655405   |
| Previous_Neutral_Sentiment  | -0.043627986075542566   | 0.01087544306121714     | 0.025744102317861586   | -0.032897722729835044   | 0.01604610768120889    | 0.005215080536998536    | 0.015733641550983946    | 0.014434499340111902   | 0.015348649569256655   | 0.008024089966615038   | 0.011040384618423745   | -0.7105635900574925         | -0.6478755811705462         | 1.0                        | -0.05683844596366618        | 0.01697078457783433    | 0.032301938435138865   | 0.008031227683391328   | 0.015110574438292345   | 0.009680290445197805   | 0.003227969513520358   | -0.009582346463484843  | 9.712771548649477e-05  | -0.01161977080347187  | -0.01690778946075693   | -0.003124445144272982   | 0.009580531162721935   | 0.007384800640177127   | 0.007367237958420885   | 0.00540059862859057    | -0.005645888426953632   | 0.018058109671904746   | 0.020590965765602053   | -0.038039256731020724   | 0.0006293017068991795  |
| Previous_Compound_Sentiment | 0.05324984318766567     | -0.017355946261162936   | -0.026977359265106936  | 0.04671817826396214     | -0.008622362876211718  | 0.011966669288448873    | -0.002317943818375511   | -0.003694681920828419  | -0.00433988528506865   | -0.0026058929991599755 | -0.020034824650544014  | 0.5695141748604149          | -0.5359058478706887         | -0.05683844596366618       | 1.0                         | -0.005374336611934668  | 0.04179191707256523    | 0.004134434140789747   | 0.00023247268572956542 | 0.002207645815122516   | 0.009352762782243602   | 0.015258365022336533   | 0.0006788033703844386  | -0.010929963348087782 | 0.020284528668858427   | 0.0019212918561697752   | -0.016983102785165842  | -0.022306627088121946  | -0.0206849402600935    | 0.021236421927869634   | 0.005641643135258602    | 0.007251191984796691   | -0.029577715980829606  | 0.04679356361430831     | -0.026798189104115758  |
| Previous_Toxic              | 0.015936197488244822    | -0.015419566504960404   | -0.0012575882148127232 | 0.005802811286376018    | 0.00042658101586064487 | 0.010304828578993765    | -0.0005549298159748422  | 0.00396979817733701    | 0.0049489798957936095  | 0.007852818351142994   | 0.005630067801150516   | -0.01668387330200717        | -0.006569840816585323       | 0.01697078457783433        | -0.005374336611934668       | 1.0                    | 0.8446554654880499     | 0.8076850374105521     | 0.8868470991592007     | 0.7702328211844749     | 0.6155688368788842     | -0.040773610210248404  | 0.000756445713040687   | 0.0013559377003906743 | -0.011087046580678689  | 0.010589354537383222    | 0.003537950023666609   | 0.041719356566992744   | -0.003985429476029266  | -0.01037072216413075   | -0.017698757013518793   | -0.008250070984089827  | 0.01432752533685676    | -0.00962426555053931    | 0.005828590196993479   |
| Previous_Severe_toxic       | 0.024814968642015968    | -0.01492113227267212    | -0.008655575603421265  | 0.022334704723527304    | -0.0014689581055215856 | 0.011533951450902455    | 0.0009494998727552923   | 0.003452898786666714   | -0.0022707822213288036 | -0.0053476879619243035 | 0.005254148596083458   | 0.006847454914934252        | -0.048603623159038475       | 0.032301938435138865       | 0.04179191707256523         | 0.8446554654880499     | 1.0                    | 0.7805970354413181     | 0.8503280518084464     | 0.755926862652203      | 0.6584524883455802     | -0.01982071876672877   | 0.0009584089692103285  | -0.01010103609531451  | -0.0054982624108274    | 0.010401445682815062    | -0.0035735077006138617 | 0.017664959645178155   | 0.007247157115596595   | -0.006726607821074134  | -0.015507119488399347   | -0.004929097016462179  | -0.0021313590960211383 | 0.0019192089942953409   | 0.004816855079647653   |
| Previous_Obscene            | 0.002607865006183128    | -0.014134135618339904   | 0.00791682216239661    | 0.002782304404218165    | -0.0011424261884251366 | 0.0010900925668984984   | -0.001221602428438505   | 0.007249799264464913   | 7.099221873867318e-05  | 0.0009528905581585236  | 0.02004308402523645    | -0.0031962390197296095      | -0.00801300120037638        | 0.008031227683391328       | 0.004134434140789747        | 0.8076850374105521     | 0.7805970354413181     | 1.0                    | 0.6973733873315545     | 0.7982169464255069     | 0.6983143187244736     | -0.030226814691154392  | 0.002999749636400197   | 0.007410496668059541  | -0.0019531030116127683 | -0.0037344003156029966  | 0.000782314732549399   | 0.035872444205449425   | 0.0013604245966462461  | -0.007988903854980469  | -0.013948633439080284   | 0.004089146148740852   | -0.009495578574039152  | -0.004718546267377414   | 0.007606733073582878   |
| Previous_Threat             | 0.019129334385409938    | -0.01521495183820046    | -0.003879098847971567  | 0.011855128490469768    | 0.0059083183839594424  | 0.01954526133660525     | 0.0015723551414857015   | 0.010521885166118131   | 0.016935736358151852   | 0.023844242167575618   | 0.006499914088523303   | -0.00815411366729182        | -0.011232321291017764       | 0.015110574438292345       | 0.00023247268572956542      | 0.8868470991592007     | 0.8503280518084464     | 0.6973733873315545     | 1.0                    | 0.7722039900887759     | 0.6998673338285681     | -0.02236108960895948   | 0.0005781229526225698  | 0.00232208802119503   | -0.008847304879827714  | 0.005640189757247218    | 0.009145827464953703   | 0.024526313623744123   | 0.0009734515140154341  | -0.009746642227375684  | -0.012232828397428983   | -0.0035765367037551483 | 0.005022325217267797   | -0.010819948920903774   | 0.009500096807049491   |
| Previous_Insult             | 0.005565810584545473    | -0.014469844023849241   | 0.00591427889859237    | 0.005484661782340388    | 7.007930174293597e-05  | 0.0009074036147765461   | -0.000507246914520365   | 0.00799384339497941    | 0.002170451512161827   | 0.00340646431714757    | 0.0193673399616097     | -0.004297431351947186       | -0.009320648068152693       | 0.009680290445197805       | 0.002207645815122516        | 0.7702328211844749     | 0.755926862652203      | 0.7982169464255069     | 0.7722039900887759     | 1.0                    | 0.901342608684332      | -0.02060907547130655   | 0.0027101757818203545  | 0.011444201898629611  | 0.00037989970697206927 | 2.5372966825822622e-05  | -0.0023253708133636414 | 0.04361445199742526    | -0.003872505339628831  | -0.011480902189981832  | -0.014445843202382925   | -0.0016080286555315525 | -0.0005996986196810484 | 0.00343645176112503     | -0.0010601469082759695 |
| Previous_Identity_hate      | 0.0074804420967306984   | -0.01299617971627425    | 0.0034341414666503945  | 0.008473793470766256    | 0.0027016627978905593  | 0.005169226678785683    | 0.0007207852213210837   | 0.013027699580083613   | 0.007116160516256044   | 0.009923344553788065   | 0.02274353423902322    | 0.007484090218404138        | -0.01314023618948271        | 0.003227969513520358       | 0.009352762782243602        | 0.6155688368788842     | 0.6584524883455802     | 0.6983143187244736     | 0.6998673338285681     | 0.901342608684332      | 1.0                    | -0.024637071155357567  | 0.0029254906577237945  | 0.009685217028928961  | 0.00411127448703151    | -0.001964266242210003   | 0.001393797509424032   | 0.02819986334087794    | 0.0037111170827706296  | -0.01185536470226677   | -0.014897289302120078   | -0.0007194643421007459 | -0.001752802188795587  | -0.0009981162273759012  | 0.0029871743823488574  |
| Previous_Timestamp          | -0.02380879438354028    | 0.018748367669515487    | 0.004907292065307936   | -0.024829203516706148   | 0.0037537992177096562  | -0.012513142769781386   | 0.0032490086870237064   | 0.004181547910954738   | 0.0026064996491905633  | 0.0007557713683849142  | 0.021510755305277632   | 0.016633531065567166        | -0.004395513039468791       | -0.009582346463484843      | 0.015258365022336533        | -0.040773610210248404  | -0.01982071876672877   | -0.030226814691154392  | -0.02236108960895948   | -0.02060907547130655   | -0.024637071155357567  | 1.0                    | 0.0007471292503939497  | -0.008606704789806218 | -0.0028062636122596373 | 0.007348413976828872    | -0.009351341022111001  | -0.014610489070001145  | 0.0010287729508439865  | 0.013279034071178319   | -0.001992485276450762   | 0.003719283641341454   | -0.00861720708723      | 0.003216939584125859    | 7.117294026221595e-05  |
| SLOC                        | -0.009795654334432908   | -0.006866440577463427   | 0.012242738552012487   | -0.004651456459403241   | -0.002120570491638522  | 0.0028549567960422383   | -0.0016193598953825506  | -0.0019556061928244503 | -0.0014926205309906233 | -0.0006493657952013154 | 0.1514213419277296     | 0.0034065637784830745       | -0.0036995262503400983      | 9.712771548649477e-05      | 0.0006788033703844386       | 0.000756445713040687   | 0.0009584089692103285  | 0.002999749636400197   | 0.0005781229526225698  | 0.0027101757818203545  | 0.0029254906577237945  | 0.0007471292503939497  | 1.0                    | -0.0021879498618194   | -0.005192629434670104  | -0.0029940910187438775  | -0.00941785347624797   | 0.028141732181638294   | 0.008589181102916687   | -0.0077869624389074335 | -0.0060822797643335065  | 0.015601797124502296   | -0.005283914034308367  | 0.006918500266851552    | -0.017715540833510023  |
| Time Difference             | 0.025541344483548792    | 0.04274712180289334     | -0.04811999805526053   | -0.019285388537682982   | 0.004423305152768517   | -0.0213712616682243     | 0.02379499602592416     | 0.02075948378388797    | 0.018189127607550485   | 0.012152175411824916   | -0.09977976726271656   | -0.008578719108448507       | 0.02165322113677539         | -0.01161977080347187       | -0.010929963348087782       | 0.0013559377003906743  | -0.01010103609531451   | 0.007410496668059541   | 0.00232208802119503    | 0.011444201898629611   | 0.009685217028928961   | -0.008606704789806218  | -0.0021879498618194    | 1.0                   | 0.009527730717559198   | -0.03442740441272955    | 0.02791693365537976    | 0.06705270716755024    | 0.010138792365187554   | -0.03351134372617441   | -0.019212523717150674   | 0.0327332806775832     | 0.014071910894372744   | -0.01224865901225342    | -0.03238584775506045   |
| Day_of_week_Friday          | 0.011438101001674592    | -0.004609890322681012   | -0.005029085441772832  | 0.004398594606563474    | 0.01584845882278781    | 0.01585772032688832     | 0.0024706855585868255   | 0.003948363474682802   | 0.020050922612317047   | 0.026505015075764284   | 0.011717208860107535   | 0.013349630872758362        | 0.00797626125127374         | -0.01690778946075693       | 0.020284528668858427        | -0.011087046580678689  | -0.0054982624108274    | -0.0019531030116127683 | -0.008847304879827714  | 0.00037989970697206927 | 0.00411127448703151    | -0.0028062636122596373 | -0.005192629434670104  | 0.009527730717559198  | 1.0                    | -0.19228801647594465    | -0.12630027918941847   | -0.12618690270730815   | -0.19518542671485747   | -0.20237134127126521   | -0.19410055704379403    | 0.03238497098328156    | -0.020306885260869934  | 0.003923944331274902    | -0.02001426859776743   |
| Day_of_week_Monday          | -0.00031570052310990454 | 0.002054910821330886    | -0.0007814447628088402 | 0.011513357234789976    | -0.005196544488833511  | 0.013683712568033557    | 0.0038565964205518853   | -0.005566727592721941  | -0.008043338812624612  | -0.001190712666075081  | -0.004414550136796033  | 0.015472324832812193        | -0.010467749068966295       | -0.003124445144272982      | 0.0019212918561697752       | 0.010589354537383222   | 0.010401445682815062   | -0.0037344003156029966 | 0.005640189757247218   | 2.5372966825822622e-05 | -0.001964266242210003  | 0.007348413976828872   | -0.0029940910187438775 | -0.03442740441272955  | -0.19228801647594465   | 1.0                     | -0.13070704975746927   | -0.1305897174318107    | -0.20199568397857692   | -0.20943232384592522   | -0.2008729618833753     | -0.014641334655901646  | 0.034955695598358906   | 0.00019138639414625073  | -0.012780826557929613  |
| Day_of_week_Saturday        | -0.021402517224580166   | 0.019653025201458528    | 0.002775319019139781   | -0.03483033774626568    | 0.000848031862287817   | -0.015360745085035514   | 0.0025618037258494128   | 0.018001974101518794   | -0.0014077683372063876 | -0.002848646649034051  | -0.0025676940703593847 | -0.009128420619175466       | -0.00275923048427747        | 0.009580531162721935       | -0.016983102785165842       | 0.003537950023666609   | -0.0035735077006138617 | 0.000782314732549399   | 0.009145827464953703   | -0.0023253708133636414 | 0.001393797509424032   | -0.009351341022111001  | -0.00941785347624797   | 0.02791693365537976   | -0.12630027918941847   | -0.13070704975746927    | 1.0                    | -0.085775068426942     | -0.13267655337608325   | -0.13756115153612863   | -0.13193911733261654    | -0.035670711871706555  | -0.01009977151601803   | -0.029287412106709144   | 0.07000585144985551    |
| Day_of_week_Sunday          | -0.014254640062488147   | -0.00677587885016638    | 0.01578759820203455    | -0.0033792789919095518  | -0.009312661994388122  | -0.023338736851341843   | -0.003181773690428407   | -0.013095441772831264  | -0.007631063355058852  | -0.0044749606816657924 | -0.0024710537300336563 | -0.02372282199889048        | 0.016267663079543946        | 0.007384800640177127       | -0.022306627088121946       | 0.041719356566992744   | 0.017664959645178155   | 0.035872444205449425   | 0.024526313623744123   | 0.04361445199742526    | 0.02819986334087794    | -0.014610489070001145  | 0.028141732181638294   | 0.06705270716755024   | -0.12618690270730815   | -0.1305897174318107     | -0.085775068426942     | 1.0                    | -0.13255745307815164   | -0.1374376664612237    | -0.13182067901187777    | -0.004866511461555349  | 0.019726260327634464   | -0.0520597778856796     | 0.03687644227231247    |
| Day_of_week_Thursday        | -0.010818899236004617   | -0.0022009429721174343  | 0.010164442407802256   | -0.004609303945958374   | -0.008682876088281059  | -0.020962109907247665   | -0.01355651862689438    | -0.005655691141048083  | -0.004415396608652474  | -0.006470062704800105  | 0.009390622728752001   | -0.02545172941154487        | 0.015229169483105591        | 0.007367237958420885       | -0.0206849402600935         | -0.003985429476029266  | 0.007247157115596595   | 0.0013604245966462461  | 0.0009734515140154341  | -0.003872505339628831  | 0.0037111170827706296  | 0.0010287729508439865  | 0.008589181102916687   | 0.010138792365187554  | -0.19518542671485747   | -0.20199568397857692    | -0.13267655337608325   | -0.13255745307815164   | 1.0                    | -0.2125880657927797    | -0.20389973072289047    | 0.019639410275797017   | -0.017469090663810607  | 0.01969631196280625     | -0.023886681101946704  |
| Day_of_week_Tuesday         | 0.014117846345882815    | 0.0055361743967911005   | -0.01657168653987503   | 0.0042918435029820415   | 0.017782490047318376   | 0.021296396100471387    | 0.0077113133011438555   | 0.015641230250471178   | 0.007737767405589151   | -0.006825407420163658  | -0.015487006359290154  | 0.011060006120978256        | -0.01790619800032976        | 0.00540059862859057        | 0.021236421927869634        | -0.01037072216413075   | -0.006726607821074134  | -0.007988903854980469  | -0.009746642227375684  | -0.011480902189981832  | -0.01185536470226677   | 0.013279034071178319   | -0.0077869624389074335 | -0.03351134372617441  | -0.20237134127126521   | -0.20943232384592522    | -0.13756115153612863   | -0.1374376664612237    | -0.2125880657927797    | 1.0                    | -0.21140646966190732    | -0.018758172348031354  | -0.011619268359305168  | 0.0350144467087552      | -0.0041559928374937955 |
| Day_of_week_Wednesday       | 0.011252483625773422    | -0.010330634667977881   | -0.0008851426361304219 | 0.012041736934119954    | -0.013685239623990035  | -0.0019587613708954912  | -0.00010346172531863395 | -0.012240462720534548  | -0.008483733128338375  | -0.005768469209022851  | 0.00312868676994479    | 0.009508070487117366        | -0.003955582402300605       | -0.005645888426953632      | 0.005641643135258602        | -0.017698757013518793  | -0.015507119488399347  | -0.013948633439080284  | -0.012232828397428983  | -0.014445843202382925  | -0.014897289302120078  | -0.001992485276450762  | -0.0060822797643335065 | -0.019212523717150674 | -0.19410055704379403   | -0.2008729618833753     | -0.13193911733261654   | -0.13182067901187777   | -0.20389973072289047   | -0.21140646966190732   | 1.0                     | 0.011883400368183595   | 0.0075241034918688094  | -0.0011446373842439203  | -0.016636416849604624  |
| Time_of_day_Afternoon       | 0.002850886789750974    | 0.003427906775127968    | -0.005971951627363579  | -0.0004729795900692354  | -0.010924793523191836  | -0.005407420772124982   | -0.01462765569236911    | -0.005856355917248191  | -0.009979858050504999  | -0.005195629770259245  | 0.0030147652029509082  | -0.007083234430404924       | -0.021615259069594016       | 0.018058109671904746       | 0.007251191984796691        | -0.008250070984089827  | -0.004929097016462179  | 0.004089146148740852   | -0.0035765367037551483 | -0.0016080286555315525 | -0.0007194643421007459 | 0.003719283641341454   | 0.015601797124502296   | 0.0327332806775832    | 0.03238497098328156    | -0.014641334655901646   | -0.035670711871706555  | -0.004866511461555349  | 0.019639410275797017   | -0.018758172348031354  | 0.011883400368183595    | 1.0                    | -0.2818925644143909    | -0.36317052402965344    | -0.44567014109806125   |
| Time_of_day_Evening         | 0.004209459824802407    | 0.011944500596821402    | -0.011101239830367485  | -0.012658069325150985   | 0.0009589467827924872  | 0.001590638865446435    | 0.00860505127893158     | -0.006346986924116866  | 0.00296177259295316    | -0.00641867286181109   | -0.00461425819034277   | -0.025015172806624634       | -0.004648293576168496       | 0.020590965765602053       | -0.029577715980829606       | 0.01432752533685676    | -0.0021313590960211383 | -0.009495578574039152  | 0.005022325217267797   | -0.0005996986196810484 | -0.001752802188795587  | -0.00861720708723      | -0.005283914034308367  | 0.014071910894372744  | -0.020306885260869934  | 0.034955695598358906    | -0.01009977151601803   | 0.019726260327634464   | -0.017469090663810607  | -0.011619268359305168  | 0.0075241034918688094   | -0.2818925644143909    | 1.0                    | -0.23254328717747635    | -0.2853689733898399    |
| Time_of_day_Morning         | 0.025435331905772497    | -0.013988231796848468   | -0.008975798988564574  | 0.03815174182709925     | 0.0016872181753135845  | -0.00017666100892089356 | -0.002400290433014597   | -0.007768231621128659  | -0.0058110842302293636 | -0.008255481861929282  | 0.03164454078841579    | 0.049159285911883094        | 0.003823548730755311        | -0.038039256731020724      | 0.04679356361430831         | -0.00962426555053931   | 0.0019192089942953409  | -0.004718546267377414  | -0.010819948920903774  | 0.00343645176112503    | -0.0009981162273759012 | 0.003216939584125859   | 0.006918500266851552   | -0.01224865901225342  | 0.003923944331274902   | 0.00019138639414625073  | -0.029287412106709144  | -0.0520597778856796    | 0.01969631196280625    | 0.0350144467087552     | -0.0011446373842439203  | -0.36317052402965344   | -0.23254328717747635   | 1.0                     | -0.3676492844821645    |
| Time_of_day_Night           | -0.02925485614106153    | 2.9154230953036327e-05  | 0.022742912627301014   | -0.02440245720737274    | 0.00859270555062072    | 0.0043060341888202305   | 0.010052412036003332    | 0.017832449552487924   | 0.0129178446732435     | 0.017673922583766124   | -0.028207128360962425  | -0.01823115884928887        | 0.021648978508655405        | 0.0006293017068991795      | -0.026798189104115758       | 0.005828590196993479   | 0.004816855079647653   | 0.007606733073582878   | 0.009500096807049491   | -0.0010601469082759695 | 0.0029871743823488574  | 7.117294026221595e-05  | -0.017715540833510023  | -0.03238584775506045  | -0.02001426859776743   | -0.012780826557929613   | 0.07000585144985551    | 0.03687644227231247    | -0.023886681101946704  | -0.0041559928374937955 | -0.016636416849604624   | -0.44567014109806125   | -0.2853689733898399    | -0.3676492844821645     | 1.0                    |
|                             |                         |                         |                        |                         |                        |                         |                         |                        |                        |                        |                        |                             |                             |                            |                             |                        |                        |                        |                        |                        |                        |                        |                        |                       |                        |                         |                        |                        |                        |                        |                         |                        |                        |                         |                        |