|                             | NLTK_Positive_Sentiment | NLTK_Negative_Sentiment | NLTK_Neutral_Sentiment  | NLTK_Compound_Sentiment | Toxic                  | Severe_toxic           | Obscene                | Threat                  | Insult                 | Identity_hate           | Pull_Request           | Previous_Positive_Sentiment | Previous_Negative_Sentiment | Previous_Neutral_Sentiment | Previous_Compound_Sentiment | Previous_Toxic          | Previous_Severe_toxic   | Previous_Obscene        | Previous_Threat         | Previous_Insult         | Previous_Identity_hate  | Previous_Timestamp      | SLOC                    | Time Difference        | Day_of_week_Friday      | Day_of_week_Monday     | Day_of_week_Saturday   | Day_of_week_Sunday      | Day_of_week_Thursday   | Day_of_week_Tuesday    | Day_of_week_Wednesday  | Time_of_day_Afternoon  | Time_of_day_Evening     | Time_of_day_Morning    | Time_of_day_Night      |
| --------------------------- | ----------------------- | ----------------------- | ----------------------- | ----------------------- | ---------------------- | ---------------------- | ---------------------- | ----------------------- | ---------------------- | ----------------------- | ---------------------- | --------------------------- | --------------------------- | -------------------------- | --------------------------- | ----------------------- | ----------------------- | ----------------------- | ----------------------- | ----------------------- | ----------------------- | ----------------------- | ----------------------- | ---------------------- | ----------------------- | ---------------------- | ---------------------- | ----------------------- | ---------------------- | ---------------------- | ---------------------- | ---------------------- | ----------------------- | ---------------------- | ---------------------- |
| NLTK_Positive_Sentiment     | 1.0                     | -0.07968926714961069    | -0.6563400982738041     | 0.5694707499676461      | 0.005536987955384671   | 0.008419674503713066   | -0.0005035872090403496 | 0.006942538442596527    | 0.003903854491035244   | 0.007954683643093364    | -0.13456359263102996   | 0.16240777420371016         | -0.0068564485794433624      | -0.11143017394795372       | 0.08449524494249804         | -0.0012532660775907856  | 0.002948245469247465    | -0.003024788070645866   | 0.0024559409414769908   | -0.002223948874257244   | 0.0021368229904594536   | -0.00939237537570292    | -0.014085878714166295   | -0.024797328798030926  | 0.002348800086753804    | 0.008945087481071557   | 0.012603815826867955   | 0.026580848192047597    | -0.020606383486907333  | 0.0056121046315281     | -0.019740650754851003  | 0.0013143556625783148  | -0.004649511195024629   | -0.009153682752196133  | 0.011350122732677643   |
| NLTK_Negative_Sentiment     | -0.07968926714961069    | 1.0                     | -0.6997613132426066     | -0.6198065496025439     | 0.029688571942334843   | 0.019549122198810394   | 0.013264641122849726   | 0.017434412812830778    | 0.014100578684256215   | 0.023260966502865816    | -0.14074622523592337   | -0.007560646301053989       | 0.12133174770649333         | -0.08626133760631699       | -0.07586472985942803        | 0.0016299543190016461   | -0.0006900702224499532  | 0.0036856568340447736   | -0.0016244463593128812  | -0.001937663974645908   | 0.006417923296542655    | 0.002903438468812188    | -0.016665924479680145   | -0.0007993017503329056 | 0.0024154777967715594   | 0.01524935615735056    | -0.021186257707289095  | -0.022915509472115167   | -0.001354708577088432  | 0.022516054090025155   | -0.009017882691843561  | 0.016576642639899882   | -0.004530842634169911   | 0.024436031577375984   | -0.037412053075683196  |
| NLTK_Neutral_Sentiment      | -0.6563400982738041     | -0.6997613132426066     | 1.0                     | 0.06100428433890764     | -0.026435763461432327  | -0.020828245922914695  | -0.009678566449916973  | -0.01816471194368629    | -0.013471233661232599  | -0.023302878944735223   | 0.2029666399981281     | -0.1106742206745716         | -0.08691829029465178        | 0.14514988872034001        | -0.0031393456933457788      | -0.00034038367755199084 | -0.0015912506865582647  | -0.0006247107045600826  | -0.000530536545639713   | 0.0030588439108324783   | -0.006388206223447695   | 0.004534440655153192    | 0.022708741738031793    | 0.01837341259488896    | -0.003504454060230895   | -0.017955518149938888  | 0.00700453155717719    | -0.0017059258800023558  | 0.01579405259433628    | -0.021064311868301853  | 0.02096780621442225    | -0.01348539228782414   | 0.0067625717742819235   | -0.01193866784669865   | 0.02018148843425992    |
| NLTK_Compound_Sentiment     | 0.5694707499676461      | -0.6198065496025439     | 0.06100428433890764     | 1.0                     | -0.014875937506718534  | -0.0017238837346405132 | -0.0075466201947903475 | -0.007212847855650587   | -0.0065630339775820026 | -0.010628914510092832   | -0.007581381470900041  | 0.08540845357702036         | -0.07485326447656684        | -0.004593368682304373      | 0.12658812709385203         | -0.0014956099831753978  | 0.005933744198616499    | -0.0041567439548631435  | 0.0038337496653277816   | -0.00013643918167008677 | -0.0031684048680371097  | -0.018452352502524565   | 0.0015546330967926153   | -0.03762566526592376   | 0.0005918314378296898   | -0.0019853392777254225 | 0.021898623742729974   | 0.03625479951255237     | -0.01499642597075524   | -0.00898006016057411   | -0.011425018086323587  | -0.005630002631681929  | 0.001307792187099251    | -0.019115539576124413  | 0.023343400940263794   |
| Toxic                       | 0.005536987955384671    | 0.029688571942334843    | -0.026435763461432327   | -0.014875937506718534   | 1.0                    | 0.5986657263446669     | 0.7084581317537532     | 0.35838308139414726     | 0.6621462172351404     | 0.5764821269998694      | -0.01052130899716495   | -0.0038520096926253815      | 0.0019282483042310195       | 0.0013104179372241168      | -0.0036920618637395755      | 0.06579959028733129     | 0.033654289145559985    | 0.029264611548681114    | 0.0001661331099623816   | 0.1255442720750636      | 0.03986439374592744     | -0.0001489925779794977  | -0.0007926399596851444  | 0.026133119412248943   | 0.000444044987603098    | -0.0015210106745425433 | 0.003564068800665042   | -0.001810731614127956   | -0.0022215283782374426 | 0.0033065387555111236  | -0.0011743630183109605 | 0.0030746233606216344  | -0.0038215812487474316  | -0.00490547282564781   | 0.0046801007146480425  |
| Severe_toxic                | 0.008419674503713066    | 0.019549122198810394    | -0.020828245922914695   | -0.0017238837346405132  | 0.5986657263446669     | 1.0                    | 0.512887615227258      | 0.5906301668149501      | 0.626407316457992      | 0.44584333034719487     | -0.02636976232540362   | -0.0008534041016262959      | -0.000740776961845101       | 0.0011887875983408911      | 0.002261959545050023        | 0.028245117508941934    | 0.022822739631998917    | 0.011785013807388623    | 2.4488467801554655e-05  | 0.07203403446978147     | 0.01718098363323195     | -0.0004272772111632318  | -0.0024324283384399552  | -0.014083325044041509  | -0.0004047588848426132  | -0.001300108507552985  | 0.005421339188903137   | -0.0011245655145849015  | -0.0009434133269714886 | 0.00475424363391195    | -0.004835074485317761  | -0.0002583871097663789 | -0.0036832983198063804  | -0.0007618439516685633 | 0.004108220310378294   |
| Obscene                     | -0.0005035872090403496  | 0.013264641122849726    | -0.009678566449916973   | -0.0075466201947903475  | 0.7084581317537532     | 0.512887615227258      | 1.0                    | 0.014674469143081844    | 0.5176099590633801     | 0.2520774278655803      | -0.007808863795053166  | -0.001108955639287328       | 0.003366172813148701        | -0.0017409249373358034     | -0.0028051938723279686      | 0.021487165899771832    | 0.011974122977665693    | 0.013787829881186082    | -1.911424857043945e-05  | 0.041251166096958385    | 0.014149207564311442    | 0.00030235630535596956  | -0.0008191490219459489  | 0.002089627237435957   | 0.0021996640865708894   | 0.0009022152582260048  | 0.0008866836058531731  | -0.004102917640146003   | -0.0016094776287645276 | 0.001760971121124848   | -0.0010507585299596985 | 0.0011634622965256344  | -0.0017594660851692643  | -0.000626710758833773  | 0.000847438753547457   |
| Threat                      | 0.006942538442596527    | 0.017434412812830778    | -0.01816471194368629    | -0.007212847855650587   | 0.35838308139414726    | 0.5906301668149501     | 0.014674469143081844   | 1.0                     | 0.06996295533476576    | 0.5585994856816668      | -0.0025127556538598193 | -0.0025123121703361805      | -0.0024055950523067357      | 0.0036197937891114564      | -0.0001715190064475508      | 0.00022021486488798834  | -0.00017052710731792708 | 3.4774505366455934e-05  | -3.449608819911262e-05  | 0.0007785770318767925   | -5.842066067940592e-05  | -0.0003044821707479297  | -0.000288606575801061   | 0.009364509225361025   | -0.0008705859843216649  | -0.0023059956588777756 | 0.004921317110451311   | -0.0013433925133555138  | 0.003966015487915464   | -0.0026918196407080533 | -0.000719765740656888  | 0.002035052857766917   | -0.002414361684551828   | -0.0019576777806074802 | 0.0017562322583479445  |
| Insult                      | 0.003903854491035244    | 0.014100578684256215    | -0.013471233661232599   | -0.0065630339775820026  | 0.6621462172351404     | 0.626407316457992      | 0.5176099590633801     | 0.06996295533476576     | 1.0                    | 0.320022317456704       | -0.004683489478096241  | -0.003559435741252578       | 0.0016142718068496002       | 0.0013323950296242502      | -0.0030236418140433255      | 0.09998914388502475     | 0.0721935089830778      | 0.041150186158126024    | 0.0005595166974920953   | 0.24204397303432726     | 0.06380959929934067     | -4.437295965426331e-05  | 1.7781234269876913e-05  | 0.00896961598837802    | -0.002122821399675292   | -0.001260786004463875  | 7.269537143894286e-05  | -0.0017226492703507935  | -0.0015627131761023604 | 0.008744084245563775   | -0.002703976539211184  | -0.001247247403983304  | -0.0009288077118295151  | -0.0038030343846922345 | 0.0057794246745154374  |
| Identity_hate               | 0.007954683643093364    | 0.023260966502865816    | -0.023302878944735223   | -0.010628914510092832   | 0.5764821269998694     | 0.44584333034719487    | 0.2520774278655803     | 0.5585994856816668      | 0.320022317456704      | 1.0                     | -0.011046014021765567  | -0.0018927536519032253      | 0.0022656278108509308       | -0.00034200622031393604    | -0.0026960085134243956      | 0.04317007900749174     | 0.01932679917700918     | 0.01643668817558333     | -2.238010485412763e-06  | 0.07208195298865847     | 0.029904724931754705    | -0.0006051893557508225  | -0.0019185361589498916  | 0.025231322464256266   | -0.00022951564688525694 | -0.0006675498571407638 | -0.0016088872970817679 | -0.00015445779210654888 | 0.0028994958050676937  | 0.0018794496095601884  | -0.002702301828457964  | 0.0032500479426856516  | -0.0006707314090194791  | -0.0036736318197907974 | 0.0006541741873517048  |
| Pull_Request                | -0.13456359263102996    | -0.14074622523592337    | 0.2029666399981281      | -0.007581381470900041   | -0.01052130899716495   | -0.02636976232540362   | -0.007808863795053166  | -0.0025127556538598193  | -0.004683489478096241  | -0.011046014021765567   | 1.0                    | -0.057478770934026924       | -0.04779065767770135        | 0.07738182230790444        | -0.0221695796061188         | -0.0009708436199565953  | -0.015271734651377933   | -0.0026511834210726248  | -0.0023231537879479154  | -0.001773515287636052   | -0.0065033496644260015  | 0.002081423599568803    | 0.07245042224226678     | 0.19264496378222198    | -0.006317803035665696   | -0.026232260838890537  | -0.0237931082233331    | -0.027228924771530893   | -0.0026502199009704654 | -0.027325505714167315  | 0.09052696514681167    | -0.025141949304820856  | 0.04789789040144657     | -0.02830538376121446   | 0.013783457645598554   |
| Previous_Positive_Sentiment | 0.16240777420371016     | -0.007560646301053989   | -0.1106742206745716     | 0.08540845357702036     | -0.0038520096926253815 | -0.0008534041016262959 | -0.001108955639287328  | -0.0025123121703361805  | -0.003559435741252578  | -0.0018927536519032253  | -0.057478770934026924  | 1.0                         | -0.07967841641969427        | -0.655788790562071         | 0.5694664233545988          | 0.005538149903742661    | 0.008426594994010444    | -0.0005028368608137617  | 0.0069428744980799114   | 0.0039045237575813475   | 0.007963264575602702    | 0.006465799575742902    | -0.005759509922470508   | -0.02494970736851185   | 0.000585237559486635    | 0.008705518302791527   | 0.013039944341253999   | 0.024684830217152644    | -0.018295090068596063  | 0.005345093074870884   | -0.01902179523924864   | -0.003012085516202554  | -0.003683494438787642   | -0.008873488686395875  | 0.014868670287088213   |
| Previous_Negative_Sentiment | -0.0068564485794433624  | 0.12133174770649333     | -0.08691829029465178    | -0.07485326447656684    | 0.0019282483042310195  | -0.000740776961845101  | 0.003366172813148701   | -0.0024055950523067357  | 0.0016142718068496002  | 0.0022656278108509308   | -0.04779065767770135   | -0.07967841641969427        | 1.0                         | -0.6991872720295396        | -0.6198035083077965         | 0.0296887453628111      | 0.019556194651686058    | 0.013264772533813588    | 0.01743453292178407     | 0.014100843299966675    | 0.02326844582047192     | -0.002048394667120627   | -0.00805060354531108    | -0.0007833505739993133 | 0.007045148475654189    | 0.013000215388169914   | -0.02063204910888764   | -0.025085843272919794   | -0.0028607728863857696 | 0.02304427016729363    | -0.009318114732659864  | 0.014859273083542558   | -0.009552796490275656   | 0.02686632148768707    | -0.033708077416135934  |
| Previous_Neutral_Sentiment  | -0.11143017394795372    | -0.08626133760631699    | 0.14514988872034001     | -0.004593368682304373   | 0.0013104179372241168  | 0.0011887875983408911  | -0.0017409249373358034 | 0.0036197937891114564   | 0.0013323950296242502  | -0.00034200622031393604 | 0.07738182230790444    | -0.655788790562071          | -0.6991872720295396         | 1.0                        | 0.06097094235507454         | -0.026407498905175162   | -0.02069707208850693    | -0.00966509263597059    | -0.018148837411278495   | -0.013454715546395811   | -0.023152992816373136   | -0.0030861405992264747  | 0.010213128439444562    | 0.018076932042122885   | -0.005655408332920822   | -0.016255705187845595  | 0.006124109282386441   | 0.0013508322717870613   | 0.015363168757945977   | -0.021170189167668836  | 0.020635641037230038   | -0.008939972501782816  | 0.00982001426526313     | -0.01397419885938199   | 0.014740783700041414   |
| Previous_Compound_Sentiment | 0.08449524494249804     | -0.07586472985942803    | -0.0031393456933457788  | 0.12658812709385203     | -0.0036920618637395755 | 0.002261959545050023   | -0.0028051938723279686 | -0.0001715190064475508  | -0.0030236418140433255 | -0.0026960085134243956  | -0.0221695796061188    | 0.5694664233545988          | -0.6198035083077965         | 0.06097094235507454        | 1.0                         | -0.014875420551683711   | -0.0017239427637581876  | -0.007546264461854375   | -0.007212792192669288   | -0.006562828768986125   | -0.01062801339833685    | 0.010980653990349334    | 0.00029858183951996854  | -0.03787836491390246   | -0.003025538421070301   | -0.0027217545424301076 | 0.02120984977213606    | 0.03530823047909727     | -0.011848880334931944  | -0.007849004946944115  | -0.010544900476321676  | -0.008873788571037579  | 0.00234902800032091     | -0.02022758370914828   | 0.02699134206203584    |
| Previous_Toxic              | -0.0012532660775907856  | 0.0016299543190016461   | -0.00034038367755199084 | -0.0014956099831753978  | 0.06579959028733129    | 0.028245117508941934   | 0.021487165899771832   | 0.00022021486488798834  | 0.09998914388502475    | 0.04317007900749174     | -0.0009708436199565953 | 0.005538149903742661        | 0.0296887453628111          | -0.026407498905175162      | -0.014875420551683711       | 1.0                     | 0.5986636655238102      | 0.7084581379712438      | 0.35838309045293        | 0.6621462319624775      | 0.5764793797616862      | -0.00021668201102934958 | -0.0013822412853366302  | 0.026134627901176065   | 0.00013564013881739863  | 0.0011026492850766585  | 0.004820159458058971   | -0.0018305494245928666  | -0.006093390794372829  | 0.002693168565242982   | 0.00030592392822523554 | -0.0014728815675024616 | 0.0011227392428625963   | -0.004381879618647045  | 0.004852787247078143   |
| Previous_Severe_toxic       | 0.002948245469247465    | -0.0006900702224499532  | -0.0015912506865582647  | 0.005933744198616499    | 0.033654289145559985   | 0.022822739631998917   | 0.011974122977665693   | -0.00017052710731792708 | 0.0721935089830778     | 0.01932679917700918     | -0.015271734651377933  | 0.008426594994010444        | 0.019556194651686058        | -0.02069707208850693       | -0.0017239427637581876      | 0.5986636655238102      | 1.0                     | 0.5128857133686655      | 0.5906275903988673      | 0.6264048902858136      | 0.4458494197226918      | 0.0001809874911506851   | -0.0017568238961164788  | -0.01411551007058288   | -0.0002829198657054878  | 0.0033219774229805636  | 0.0025398937448711436  | -0.001088153459510052   | -0.003934286837674428  | 0.0048890441883425     | -0.00456466700674367   | -0.00341836037489779   | -0.000929507438997324   | -0.0005001589820017955 | 0.004900375258935982   |
| Previous_Obscene            | -0.003024788070645866   | 0.0036856568340447736   | -0.0006247107045600826  | -0.0041567439548631435  | 0.029264611548681114   | 0.011785013807388623   | 0.013787829881186082   | 3.4774505366455934e-05  | 0.041150186158126024   | 0.01643668817558333     | -0.0026511834210726248 | -0.0005028368608137617      | 0.013264772533813588        | -0.00966509263597059       | -0.007546264461854375       | 0.7084581379712438      | 0.5128857133686655      | 1.0                     | 0.014674480348747904    | 0.5176099718850438      | 0.25207645407536383     | -7.922207783214559e-05  | -0.0009521333761086759  | 0.0020890522272268555  | 0.0020050281884795773   | 0.0007475538802669758  | 0.0024607626010105     | -0.002840371825147073   | -0.003164432530945784  | 0.0015195953381388027  | -0.0007411856496829037 | -0.0005475966577438932 | -0.00011843537001811367 | -0.0010998182286900673 | 0.0017438606705601303  |
| Previous_Threat             | 0.0024559409414769908   | -0.0016244463593128812  | -0.000530536545639713   | 0.0038337496653277816   | 0.0001661331099623816  | 2.4488467801554655e-05 | -1.911424857043945e-05 | -3.449608819911262e-05  | 0.0005595166974920953  | -2.238010485412763e-06  | -0.0023231537879479154 | 0.0069428744980799114       | 0.01743453292178407         | -0.018148837411278495      | -0.007212792192669288       | 0.35838309045293        | 0.5906275903988673      | 0.014674480348747904    | 1.0                     | 0.06996296776358994     | 0.5585962547601093      | 0.00021122868388091538  | -0.00027572562931245685 | 0.009357634066043724   | -0.0006329193601548097  | 0.004690592180844745   | 0.0007947585350809603  | -0.0015069956522725503  | -0.0020895590196754487 | -0.002466536026851288  | 0.0011050811050512142  | -0.0016275985370529757 | 0.0017814191951825127   | -0.0014343145495377906 | 0.0016175891645654296  |
| Previous_Insult             | -0.002223948874257244   | -0.001937663974645908   | 0.0030588439108324783   | -0.00013643918167008677 | 0.1255442720750636     | 0.07203403446978147    | 0.041251166096958385   | 0.0007785770318767925   | 0.24204397303432726    | 0.07208195298865847     | -0.001773515287636052  | 0.0039045237575813475       | 0.014100843299966675        | -0.013454715546395811      | -0.006562828768986125       | 0.6621462319624775      | 0.6264048902858136      | 0.5176099718850438      | 0.06996296776358994     | 1.0                     | 0.3200209554173398      | -5.410192890400625e-05  | -0.0005985851202262829  | 0.008968567069942757   | -0.0031795447431440965  | -0.0007924821970153531 | 0.001393604360006549   | -0.0018224140682743155  | -0.0020564993590580544 | 0.008358861993744495   | -0.0020798448822650023 | -0.0038917193234570854 | 0.0011526366825562863   | -0.004213935378278939  | 0.007238139459585798   |
| Previous_Identity_hate      | 0.0021368229904594536   | 0.006417923296542655    | -0.006388206223447695   | -0.0031684048680371097  | 0.03986439374592744    | 0.01718098363323195    | 0.014149207564311442   | -5.842066067940592e-05  | 0.06380959929934067    | 0.029904724931754705    | -0.0065033496644260015 | 0.007963264575602702        | 0.02326844582047192         | -0.023152992816373136      | -0.01062801339833685        | 0.5764793797616862      | 0.4458494197226918      | 0.25207645407536383     | 0.5585962547601093      | 0.3200209554173398      | 1.0                     | -0.00015188726934812585 | -0.0019106880184695096  | 0.02520127001292287    | 0.0007732739242308389   | 0.0005593986292306824  | 0.0010270041752098971  | -0.0012672007656023428  | -0.0024817741485285605 | 0.0022327075518622274  | -0.0008172940707657716 | -0.0020033401674294823 | 0.004571052842863848    | -0.0017836138353374612 | 8.211346452248434e-06  |
| Previous_Timestamp          | -0.00939237537570292    | 0.002903438468812188    | 0.004534440655153192    | -0.018452352502524565   | -0.0001489925779794977 | -0.0004272772111632318 | 0.00030235630535596956 | -0.0003044821707479297  | -4.437295965426331e-05 | -0.0006051893557508225  | 0.002081423599568803   | 0.006465799575742902        | -0.002048394667120627       | -0.0030861405992264747     | 0.010980653990349334        | -0.00021668201102934958 | 0.0001809874911506851   | -7.922207783214559e-05  | 0.00021122868388091538  | -5.410192890400625e-05  | -0.00015188726934812585 | 1.0                     | -0.002361850029373388   | -0.012107927378952752  | -0.0022558115968198803  | -0.0034500414703888538 | 0.0061860899408113     | 0.0005166769125775397   | 0.0028093382825793065  | 0.003277653577043578   | -0.004899859640171458  | 0.0019579259198661907  | -0.0008942777430224166  | 0.001845832683246574   | -0.0031123644815240535 |
| SLOC                        | -0.014085878714166295   | -0.016665924479680145   | 0.022708741738031793    | 0.0015546330967926153   | -0.0007926399596851444 | -0.0024324283384399552 | -0.0008191490219459489 | -0.000288606575801061   | 1.7781234269876913e-05 | -0.0019185361589498916  | 0.07245042224226678    | -0.005759509922470508       | -0.00805060354531108        | 0.010213128439444562       | 0.00029858183951996854      | -0.0013822412853366302  | -0.0017568238961164788  | -0.0009521333761086759  | -0.00027572562931245685 | -0.0005985851202262829  | -0.0019106880184695096  | -0.002361850029373388   | 1.0                     | 0.011141706089933565   | -0.002692827520913101   | -0.007171975162962337  | -0.0015186856434510133 | -0.00728060343397948    | -0.003380281879070389  | -0.0035058553785926715 | 0.02117621831322796    | 0.0006741593717263164  | -0.0007210279198225568  | -0.0009573987074920524 | 0.0008137334445329819  |
| Time Difference             | -0.024797328798030926   | -0.0007993017503329056  | 0.01837341259488896     | -0.03762566526592376    | 0.026133119412248943   | -0.014083325044041509  | 0.002089627237435957   | 0.009364509225361025    | 0.00896961598837802    | 0.025231322464256266    | 0.19264496378222198    | -0.02494970736851185        | -0.0007833505739993133      | 0.018076932042122885       | -0.03787836491390246        | 0.026134627901176065    | -0.01411551007058288    | 0.0020890522272268555   | 0.009357634066043724    | 0.008968567069942757    | 0.02520127001292287     | -0.012107927378952752   | 0.011141706089933565    | 1.0                    | 0.009290838989796527    | -0.0038414052142897036 | -0.033761945453524685  | -0.0032572411135628806  | 0.027449622811185632   | -0.003220683274883319  | -0.005465948395837069  | 0.06841459531121148    | 0.008704098293380466    | -0.040134581333051596  | -0.04133765247454832   |
| Day_of_week_Friday          | 0.002348800086753804    | 0.0024154777967715594   | -0.003504454060230895   | 0.0005918314378296898   | 0.000444044987603098   | -0.0004047588848426132 | 0.0021996640865708894  | -0.0008705859843216649  | -0.002122821399675292  | -0.00022951564688525694 | -0.006317803035665696  | 0.000585237559486635        | 0.007045148475654189        | -0.005655408332920822      | -0.003025538421070301       | 0.00013564013881739863  | -0.0002829198657054878  | 0.0020050281884795773   | -0.0006329193601548097  | -0.0031795447431440965  | 0.0007732739242308389   | -0.0022558115968198803  | -0.002692827520913101   | 0.009290838989796527   | 1.0                     | -0.1886927533166365    | -0.11884661156755662   | -0.11231069215085801    | -0.20913146927084963   | -0.20076921271923887   | -0.2148956983328862    | 0.018404271875245952   | -0.015118459955176298   | 0.03176479046318318    | -0.03752672519284921   |
| Day_of_week_Monday          | 0.008945087481071557    | 0.01524935615735056     | -0.017955518149938888   | -0.0019853392777254225  | -0.0015210106745425433 | -0.001300108507552985  | 0.0009022152582260048  | -0.0023059956588777756  | -0.001260786004463875  | -0.0006675498571407638  | -0.026232260838890537  | 0.008705518302791527        | 0.013000215388169914        | -0.016255705187845595      | -0.0027217545424301076      | 0.0011026492850766585   | 0.0033219774229805636   | 0.0007475538802669758   | 0.004690592180844745    | -0.0007924821970153531  | 0.0005593986292306824   | -0.0034500414703888538  | -0.007171975162962337   | -0.0038414052142897036 | -0.1886927533166365     | 1.0                    | -0.1166750145374723    | -0.11025852118608073    | -0.20531016320604747   | -0.1971007040396693    | -0.21096906673505156   | 0.01680530951154211    | 0.008681436089118472    | 0.007310965029950832   | -0.03223395418021949   |
| Day_of_week_Saturday        | 0.012603815826867955    | -0.021186257707289095   | 0.00700453155717719     | 0.021898623742729974    | 0.003564068800665042   | 0.005421339188903137   | 0.0008866836058531731  | 0.004921317110451311    | 7.269537143894286e-05  | -0.0016088872970817679  | -0.0237931082233331    | 0.013039944341253999        | -0.02063204910888764        | 0.006124109282386441       | 0.02120984977213606         | 0.004820159458058971    | 0.0025398937448711436   | 0.0024607626010105      | 0.0007947585350809603   | 0.001393604360006549    | 0.0010270041752098971   | 0.0061860899408113      | -0.0015186856434510133  | -0.033761945453524685  | -0.11884661156755662    | -0.1166750145374723    | 1.0                    | -0.06944544191067063    | -0.12931295340460153   | -0.12414229164055919   | -0.1328771682342051    | -0.0449297983458236    | -0.005908467572866172   | -0.02363667774261826   | 0.07557639885612465    |
| Day_of_week_Sunday          | 0.026580848192047597    | -0.022915509472115167   | -0.0017059258800023558  | 0.03625479951255237     | -0.001810731614127956  | -0.0011245655145849015 | -0.004102917640146003  | -0.0013433925133555138  | -0.0017226492703507935 | -0.00015445779210654888 | -0.027228924771530893  | 0.024684830217152644        | -0.025085843272919794       | 0.0013508322717870613      | 0.03530823047909727         | -0.0018305494245928666  | -0.001088153459510052   | -0.002840371825147073   | -0.0015069956522725503  | -0.0018224140682743155  | -0.0012672007656023428  | 0.0005166769125775397   | -0.00728060343397948    | -0.0032572411135628806 | -0.11231069215085801    | -0.11025852118608073   | -0.06944544191067063   | 1.0                     | -0.12220144192068143   | -0.11731513852559232   | -0.125569644254828     | -0.0396677625467774    | -0.0036296450046859638  | -0.042610641502844035  | 0.08638180168908856    |
| Day_of_week_Thursday        | -0.020606383486907333   | -0.001354708577088432   | 0.01579405259433628     | -0.01499642597075524    | -0.0022215283782374426 | -0.0009434133269714886 | -0.0016094776287645276 | 0.003966015487915464    | -0.0015627131761023604 | 0.0028994958050676937   | -0.0026502199009704654 | -0.018295090068596063       | -0.0028607728863857696      | 0.015363168757945977       | -0.011848880334931944       | -0.006093390794372829   | -0.003934286837674428   | -0.003164432530945784   | -0.0020895590196754487  | -0.0020564993590580544  | -0.0024817741485285605  | 0.0028093382825793065   | -0.003380281879070389   | 0.027449622811185632   | -0.20913146927084963    | -0.20531016320604747   | -0.12931295340460153   | -0.12220144192068143    | 1.0                    | -0.21845014769043944   | -0.23382069592765764   | 0.016996555641110307   | -0.010222756442935261   | 0.016438044821208624   | -0.025349672954986968  |
| Day_of_week_Tuesday         | 0.0056121046315281      | 0.022516054090025155    | -0.021064311868301853   | -0.00898006016057411    | 0.0033065387555111236  | 0.00475424363391195    | 0.001760971121124848   | -0.0026918196407080533  | 0.008744084245563775   | 0.0018794496095601884   | -0.027325505714167315  | 0.005345093074870884        | 0.02304427016729363         | -0.021170189167668836      | -0.007849004946944115       | 0.002693168565242982    | 0.0048890441883425      | 0.0015195953381388027   | -0.002466536026851288   | 0.008358861993744495    | 0.0022327075518622274   | 0.003277653577043578    | -0.0035058553785926715  | -0.003220683274883319  | -0.20076921271923887    | -0.1971007040396693    | -0.12414229164055919   | -0.11731513852559232    | -0.21845014769043944   | 1.0                    | -0.224471224739789     | 0.011280550248756023   | -0.013177700192238297   | 0.014223068825100701   | -0.014646451490760702  |
| Day_of_week_Wednesday       | -0.019740650754851003   | -0.009017882691843561   | 0.02096780621442225     | -0.011425018086323587   | -0.0011743630183109605 | -0.004835074485317761  | -0.0010507585299596985 | -0.000719765740656888   | -0.002703976539211184  | -0.002702301828457964   | 0.09052696514681167    | -0.01902179523924864        | -0.009318114732659864       | 0.020635641037230038       | -0.010544900476321676       | 0.00030592392822523554  | -0.00456466700674367    | -0.0007411856496829037  | 0.0011050811050512142   | -0.0020798448822650023  | -0.0008172940707657716  | -0.004899859640171458   | 0.02117621831322796     | -0.005465948395837069  | -0.2148956983328862     | -0.21096906673505156   | -0.1328771682342051    | -0.125569644254828      | -0.23382069592765764   | -0.224471224739789     | 1.0                    | -0.007245234376131474  | 0.034747567819010367    | -0.025037885757152236  | 0.002654315681472066   |
| Time_of_day_Afternoon       | 0.0013143556625783148   | 0.016576642639899882    | -0.01348539228782414    | -0.005630002631681929   | 0.0030746233606216344  | -0.0002583871097663789 | 0.0011634622965256344  | 0.002035052857766917    | -0.001247247403983304  | 0.0032500479426856516   | -0.025141949304820856  | -0.003012085516202554       | 0.014859273083542558        | -0.008939972501782816      | -0.008873788571037579       | -0.0014728815675024616  | -0.00341836037489779    | -0.0005475966577438932  | -0.0016275985370529757  | -0.0038917193234570854  | -0.0020033401674294823  | 0.0019579259198661907   | 0.0006741593717263164   | 0.06841459531121148    | 0.018404271875245952    | 0.01680530951154211    | -0.0449297983458236    | -0.0396677625467774     | 0.016996555641110307   | 0.011280550248756023   | -0.007245234376131474  | 1.0                    | -0.31204268618523123    | -0.3929016727681593    | -0.42180761240053344   |
| Time_of_day_Evening         | -0.004649511195024629   | -0.004530842634169911   | 0.0067625717742819235   | 0.001307792187099251    | -0.0038215812487474316 | -0.0036832983198063804 | -0.0017594660851692643 | -0.002414361684551828   | -0.0009288077118295151 | -0.0006707314090194791  | 0.04789789040144657    | -0.003683494438787642       | -0.009552796490275656       | 0.00982001426526313        | 0.00234902800032091         | 0.0011227392428625963   | -0.000929507438997324   | -0.00011843537001811367 | 0.0017814191951825127   | 0.0011526366825562863   | 0.004571052842863848    | -0.0008942777430224166  | -0.0007210279198225568  | 0.008704098293380466   | -0.015118459955176298   | 0.008681436089118472   | -0.005908467572866172  | -0.0036296450046859638  | -0.010222756442935261  | -0.013177700192238297  | 0.034747567819010367   | -0.31204268618523123   | 1.0                     | -0.2497138953998917    | -0.26808545064154315   |
| Time_of_day_Morning         | -0.009153682752196133   | 0.024436031577375984    | -0.01193866784669865    | -0.019115539576124413   | -0.00490547282564781   | -0.0007618439516685633 | -0.000626710758833773  | -0.0019576777806074802  | -0.0038030343846922345 | -0.0036736318197907974  | -0.02830538376121446   | -0.008873488686395875       | 0.02686632148768707         | -0.01397419885938199       | -0.02022758370914828        | -0.004381879618647045   | -0.0005001589820017955  | -0.0010998182286900673  | -0.0014343145495377906  | -0.004213935378278939   | -0.0017836138353374612  | 0.001845832683246574    | -0.0009573987074920524  | -0.040134581333051596  | 0.03176479046318318     | 0.007310965029950832   | -0.02363667774261826   | -0.042610641502844035   | 0.016438044821208624   | 0.014223068825100701   | -0.025037885757152236  | -0.3929016727681593    | -0.2497138953998917     | 1.0                    | -0.33755388818612597   |
| Time_of_day_Night           | 0.011350122732677643    | -0.037412053075683196   | 0.02018148843425992     | 0.023343400940263794    | 0.0046801007146480425  | 0.004108220310378294   | 0.000847438753547457   | 0.0017562322583479445   | 0.0057794246745154374  | 0.0006541741873517048   | 0.013783457645598554   | 0.014868670287088213        | -0.033708077416135934       | 0.014740783700041414       | 0.02699134206203584         | 0.004852787247078143    | 0.004900375258935982    | 0.0017438606705601303   | 0.0016175891645654296   | 0.007238139459585798    | 8.211346452248434e-06   | -0.0031123644815240535  | 0.0008137334445329819   | -0.04133765247454832   | -0.03752672519284921    | -0.03223395418021949   | 0.07557639885612465    | 0.08638180168908856     | -0.025349672954986968  | -0.014646451490760702  | 0.002654315681472066   | -0.42180761240053344   | -0.26808545064154315    | -0.33755388818612597   | 1.0                    |
|                             |                         |                         |                         |                         |                        |                        |                        |                         |                        |                         |                        |                             |                             |                            |                             |                         |                         |                         |                         |                         |                         |                         |                         |                        |                         |                        |                        |                         |                        |                        |                        |                        |                         |                        |                        |