|                             | NLTK_Positive_Sentiment | NLTK_Negative_Sentiment | NLTK_Neutral_Sentiment | NLTK_Compound_Sentiment | Toxic                   | Severe_toxic           | Obscene                 | Threat                 | Insult                  | Identity_hate           | Pull_Request            | Previous_Positive_Sentiment | Previous_Negative_Sentiment | Previous_Neutral_Sentiment | Previous_Compound_Sentiment | Previous_Toxic         | Previous_Severe_toxic   | Previous_Obscene        | Previous_Threat         | Previous_Insult         | Previous_Identity_hate  | Previous_Timestamp      | SLOC                   | Time Difference        | Day_of_week_Friday     | Day_of_week_Monday     | Day_of_week_Saturday    | Day_of_week_Sunday     | Day_of_week_Thursday   | Day_of_week_Tuesday    | Day_of_week_Wednesday  | Time_of_day_Afternoon   | Time_of_day_Evening    | Time_of_day_Morning    | Time_of_day_Night      |
| --------------------------- | ----------------------- | ----------------------- | ---------------------- | ----------------------- | ----------------------- | ---------------------- | ----------------------- | ---------------------- | ----------------------- | ----------------------- | ----------------------- | --------------------------- | --------------------------- | -------------------------- | --------------------------- | ---------------------- | ----------------------- | ----------------------- | ----------------------- | ----------------------- | ----------------------- | ----------------------- | ---------------------- | ---------------------- | ---------------------- | ---------------------- | ----------------------- | ---------------------- | ---------------------- | ---------------------- | ---------------------- | ----------------------- | ---------------------- | ---------------------- | ---------------------- |
| NLTK_Positive_Sentiment     | 1.0                     | -0.09344698983785749    | -0.7458218160696473    | 0.6122410024709465      | 0.006610535762162837    | 0.0318639933254642     | 0.00145299423370501     | -0.006186313950786343  | 0.02375771317566095     | 0.00462518861114327     | -0.01748597773391056    | 0.15223894314597292         | -0.003916106734961203       | -0.11840990916810949       | 0.0794993049747263          | 0.01679229926197306    | 0.018343962850557814    | -0.007221155847148393   | 0.01982736956506023     | 0.013366340997162647    | 0.01465016824507823     | -0.007149206909087862   | -0.0033716081390836408 | 0.011581976000070408   | -0.007662283753125666  | 0.009872425700488357   | -0.0037382353587766793  | 0.004280015916618709   | -0.0026091773339944214 | -0.004870706479999049  | 0.005307141753901679   | 0.011189247511179404    | 0.00745287720951282    | -0.020258365714027334  | 0.0019623421786075456  |
| NLTK_Negative_Sentiment     | -0.09344698983785749    | 1.0                     | -0.5935345235037558    | -0.5476632789140672     | 0.004018396868112166    | -0.08367503196773834   | -0.0023703267609833005  | 0.006736663697408707   | -0.0003923735776589306  | -0.00452388934097264    | -0.0038464804537086863  | -0.02503125199578622        | 0.07319143547474392         | -0.029208175362558608      | -0.051202985987684226       | 0.0022028774692757847  | -0.006428353561622663   | 0.0019810491635904484   | -0.003106552353933206   | 0.0016985583636326231   | -0.0017382137020386934  | 0.0061836005135418055   | -0.009024145516001503  | 0.051450198062859      | -0.0018365923094418733 | -0.008753621521529241  | -0.006943654244917809   | -0.004639398943761405  | 0.014830514490137179   | 0.003789585937103369   | 0.001805476925041591   | 0.004903223541162067    | 0.016621442931756967   | -0.004059583351855209  | -0.013368435043554696  |
| NLTK_Neutral_Sentiment      | -0.7458218160696473     | -0.5935345235037558     | 1.0                    | -0.12848436302334912    | -0.008032288945754737   | 0.03021337732484512    | 0.00041154670526543936  | 0.0004874874830498669  | -0.018942359986257824   | -0.0007150644237797815  | 0.016709003508006727    | -0.10631801242906447        | -0.04580864871449326        | 0.11526438285805801        | -0.030010263173305452       | -0.015059878049824588  | -0.010531289414026078   | 0.004499066950217601    | -0.013948911724282677   | -0.011957102056178948   | -0.010684073228187313   | 0.0016563047342178646   | 0.008748029640801819   | -0.04377574423266146   | 0.007421948734723853   | -0.002136935114940213  | 0.007681450491290951    | -0.0003575581118730927 | -0.007798754242170461  | 0.001403575506189531   | -0.005510971916264958  | -0.012324867761408688   | -0.01714021123623897   | 0.01909125165139919    | 0.007354406259093227   |
| NLTK_Compound_Sentiment     | 0.6122410024709465      | -0.5476632789140672     | -0.12848436302334912   | 1.0                     | -0.006628701079280701   | 0.10114253586861868    | -0.0012066080873228285  | -0.0023302882119062202 | 0.004318973124893405    | 0.003118077665447483    | -0.005571011636628593   | 0.08703334274752654         | -0.030366934752355627       | -0.04882731201578414       | 0.10424180491793841         | 0.004029381021621606   | 0.013270503922333813    | -0.007253372947570623   | 0.00816623716338793     | 0.0011724189226605954   | 0.004144280391130538    | -0.01643041700108626    | 0.0038575300097135144  | -0.04179524069991235   | -0.005959576371595524  | 0.015457300549967929   | 0.003216210955287651    | 0.015252027383718952   | -0.009624164811723755  | 0.000278197142480962   | -0.015391206778370702  | 0.015851265404956637    | -0.005198387661505736  | -0.0075381686163389664 | -0.004414694985499436  |
| Toxic                       | 0.006610535762162837    | 0.004018396868112166    | -0.008032288945754737  | -0.006628701079280701   | 1.0                     | 0.6670520667239944     | 0.8080361768163703      | 0.6814452532458226     | 0.8526342648651979      | 0.6652050266564435      | -0.0014345856382869408  | -0.008140723388160517       | -0.004872868219993413       | 0.009732190943099695       | -0.003958327681810588       | -0.0007893032835439888 | -0.001166973895364435   | -0.0003751962452810045  | -0.0002006473162338827  | -0.000545625527943517   | -0.00036628649498811973 | 0.002382401329655957    | -0.0014097536845488691 | 0.014170858430161028   | 0.01425254427173978    | 0.011369212576628067   | -0.00013798917762123625 | -0.007305847230471854  | -0.004780663116021585  | -0.00232306354984685   | -0.012434827547687296  | -0.001993750595168809   | -0.009416327894880193  | 0.006866610134287764   | 0.0027513799219804243  |
| Severe_toxic                | 0.0318639933254642      | -0.08367503196773834    | 0.03021337732484512    | 0.10114253586861868     | 0.6670520667239944      | 1.0                    | 0.7424599915455946      | 0.41658877776264136    | 0.5276971253598681      | 0.4207080640517045      | -0.01371000152499212    | -0.016335998266965197       | -0.016703435076017993       | 0.024189573617724527       | 0.02022785769294667         | -0.02272594455559242   | 0.010873601473519193    | -0.015130652305129782   | -0.009603082740805397   | -0.018403113377393653   | -0.012653831092465278   | -0.0168646432682589     | 0.002568488221060322   | -0.07977316946289849   | 0.0355966731855935     | -0.0012450849293697116 | -0.023691435609486503   | -0.020988725350206815  | -0.00338247191003138   | 0.009569806516038023   | -0.0037633616813521607 | 0.032652615858438795    | -0.0037168807620278333 | 0.023095480401079765   | -0.04879250161389322   |
| Obscene                     | 0.00145299423370501     | -0.0023703267609833005  | 0.00041154670526543936 | -0.0012066080873228285  | 0.8080361768163703      | 0.7424599915455946     | 1.0                     | 0.3754247818964508     | 0.5761392566311282      | 0.41603800963757764     | -0.0008347057272342851  | -0.007087558040031448       | -0.004571103091048956       | 0.008697770019307991       | -0.0032436347963393677      | -0.0005040197981469315 | -0.0005534494526042435  | -0.0002235540775280755  | -0.00012196602618471    | -0.00027216590329225896 | -0.00012301625936903313 | 0.0016320297044866506   | -0.000738177841155857  | 0.009877990373650674   | 0.012074834402709286   | 0.009385298882338263   | 0.0006837193720170855   | -0.005467876981720934  | -0.0035426330229883195 | -0.00680062498252739   | -0.007154032391588055  | -0.001487143185047306   | -0.0066712384473066625 | -0.0024235740636951455 | 0.008530798839422383   |
| Threat                      | -0.006186313950786343   | 0.006736663697408707    | 0.0004874874830498669  | -0.0023302882119062202  | 0.6814452532458226      | 0.41658877776264136    | 0.3754247818964508      | 1.0                    | 0.5947086368978596      | 0.7970931066861408      | -0.001787807772764996   | -0.009030805918926528       | 0.0018248574242463263       | 0.0059290968233094805      | -0.005214005942276099       | 0.0003471707945153429  | -0.0010762875597467682  | 0.01543122215532242     | -0.004157397231563369   | 0.0025281784453515554   | -0.0033063559240812477  | -0.0008945252744837049  | 0.0015629392020989833  | 0.03508488832500637    | 0.014701727736225736   | 0.008248138364210237   | 0.010521042261799759    | -0.01995290833500996   | -0.0005356652454286753 | -0.0035034386724253374 | -0.01136315010495598   | 0.007877205390604063    | -0.014148603633471285  | 0.006837590616217025   | -0.0030542065371143693 |
| Insult                      | 0.02375771317566095     | -0.0003923735776589306  | -0.018942359986257824  | 0.004318973124893405    | 0.8526342648651979      | 0.5276971253598681     | 0.5761392566311282      | 0.5947086368978596     | 1.0                     | 0.6519328012121093      | -0.0017522837159192459  | -0.007796733522702501       | -0.0035788077935790786      | 0.008594872470162196       | -0.00374241217786803        | -0.0006564851739535973 | -0.0010361234304096963  | 0.0006558938414764496   | -0.00023443872417656952 | -0.00029487017470717394 | -0.00032683382797554447 | 0.0024070682351531917   | -0.0012597506328837734 | 0.0039477697219619965  | 0.011802170596125264   | 0.009748357216984497   | 0.0010895024244812021   | -0.006801097104824012  | -0.0051090980967016504 | 1.4260739217503341e-06 | -0.01185559094935721   | 0.009168885854392302    | -0.008522415209851529  | -0.0007179199585042365 | -0.001708838119230722  |
| Identity_hate               | 0.00462518861114327     | -0.00452388934097264    | -0.0007150644237797815 | 0.003118077665447483    | 0.6652050266564435      | 0.4207080640517045     | 0.41603800963757764     | 0.7970931066861408     | 0.6519328012121093      | 1.0                     | -0.002855841597636079   | -0.008752892337706372       | 0.0004112521679286924       | 0.006672972207495717       | -0.008168345706722611       | -0.0011624349480078358 | -0.001960810964425501   | 0.004703593561007143    | -0.0014734719179216908  | -0.00013676178008322382 | -0.0012578735049736454  | 0.00349517880879787     | -0.0004869832330781077 | -0.0047166749364939975 | 0.01660726800621966    | 0.010272883391984714   | 0.001028484800991145    | -0.010217915906097044  | 0.000758409435960429   | -0.005190123460379333  | -0.014873799352091526  | -0.0002863648763667552  | -0.008857845389278779  | 0.00207901349553881    | 0.004996265663837543   |
| Pull_Request                | -0.01748597773391056    | -0.0038464804537086863  | 0.016709003508006727   | -0.005571011636628593   | -0.0014345856382869408  | -0.01371000152499212   | -0.0008347057272342851  | -0.001787807772764996  | -0.0017522837159192459  | -0.002855841597636079   | 1.0                     | 0.007599850225485032        | 0.0004234257841802449       | -0.006335807148336886      | -0.0009746803889055487      | 0.004734250977532328   | -0.00022914355336317205 | 0.022472688806327756    | -0.00032357680080481065 | 0.0006996159106587228   | 0.00017081963706331126  | 0.022612581315598082    | 0.1490123759727039     | 0.03957575983120522    | -0.014756988380226337  | 0.003973099037364637   | 0.018794338590157025    | 0.008002506741073777   | -0.0031364956187647495 | -0.004679051486813578  | -0.0037330001846907607 | -0.0052385618489000545  | -0.0023054346938529047 | -0.006186136183225427  | 0.012200417589662706   |
| Previous_Positive_Sentiment | 0.15223894314597292     | -0.02503125199578622    | -0.10631801242906447   | 0.08703334274752654     | -0.008140723388160517   | -0.016335998266965197  | -0.007087558040031448   | -0.009030805918926528  | -0.007796733522702501   | -0.008752892337706372   | 0.007599850225485032    | 1.0                         | -0.07729676221596653        | -0.7431743054173283        | 0.6039384783850984          | -0.017601301484064066  | -0.0018208821114730229  | -0.01383902679110107    | -0.004223443838726926   | -0.014409286750444984   | -0.0062627102678586575  | 0.006754678659846767    | 0.0026490892343659245  | -0.004843261310669402  | 0.0018877594478858368  | 0.004747977561091238   | -0.005011243487372169   | 0.010747764944617691   | -0.0015179077284252181 | -0.020411175448838147  | 0.011020933649931954   | 0.0029552173479213987   | -0.0010629706504340732 | -0.021246408219056163  | 0.016970984711803944   |
| Previous_Negative_Sentiment | -0.003916106734961203   | 0.07319143547474392     | -0.04580864871449326   | -0.030366934752355627   | -0.004872868219993413   | -0.016703435076017993  | -0.004571103091048956   | 0.0018248574242463263  | -0.0035788077935790786  | 0.0004112521679286924   | 0.0004234257841802449   | -0.07729676221596653        | 1.0                         | -0.609649729410729         | -0.5383742832542424         | 0.027156106372388727   | 0.017110560121827392    | 0.0013530021720245344   | 0.031247955764495218    | 0.015637991525602975    | 0.029466698876440024    | -0.011831770040640935   | -0.0009033202444076015 | 0.04530558804967309    | 0.005258377884432487   | 0.0019854822046050393  | 0.0016768506388439126   | -0.013945517298608162  | -0.002008959818613725  | 0.0003606474116558709  | 0.004517966586871647   | -0.006617997459786638   | 0.010076438150248288   | -0.002400717428569964  | 0.0009242057596730017  |
| Previous_Neutral_Sentiment  | -0.11840990916810949    | -0.029208175362558608   | 0.11526438285805801    | -0.04882731201578414    | 0.009732190943099695    | 0.024189573617724527   | 0.008697770019307991    | 0.0059290968233094805  | 0.008594872470162196    | 0.006672972207495717    | -0.006335807148336886   | -0.7431743054173283         | -0.609649729410729          | 1.0                        | -0.11885859166172666        | -0.004227870465672083  | -0.010034255648288313   | 0.010098242165741346    | -0.017612424360349106   | 0.0009624153690337587   | -0.014794997802877111   | 0.0025796950624380277   | -0.001512444521206519  | -0.026561899488610635  | -0.0050194698386467305 | -0.00511452560608811   | 0.0028612996657743457   | 0.0008145751246364479  | 0.002551861388313045   | 0.016001137913830104   | -0.011812836753102865  | 0.002085090327495876    | -0.005915127501535905  | 0.01849684920984917    | -0.014102631442909474  |
| Previous_Compound_Sentiment | 0.0794993049747263      | -0.051202985987684226   | -0.030010263173305452  | 0.10424180491793841     | -0.003958327681810588   | 0.02022785769294667    | -0.0032436347963393677  | -0.005214005942276099  | -0.00374241217786803    | -0.008168345706722611   | -0.0009746803889055487  | 0.6039384783850984          | -0.5383742832542424         | -0.11885859166172666       | 1.0                         | -0.028041339981075893  | -0.002995136116517091   | -0.012516516735726282   | -0.018114257870497613   | -0.019712694806024868   | -0.021280750925603626   | 0.008233389310262901    | -0.001723797208571605  | -0.047593021502499784  | 0.0017901899314497335  | -0.0030389380246085714 | -0.006944514427183563   | 0.02245626738738942    | -0.00451346925671087   | -0.003941663117224244  | -0.0032137034296604904 | 0.009764485442499584    | -0.0007117689624333677 | -0.01273787390620625   | 0.0026606228544013236  |
| Previous_Toxic              | 0.01679229926197306     | 0.0022028774692757847   | -0.015059878049824588  | 0.004029381021621606    | -0.0007893032835439888  | -0.02272594455559242   | -0.0005040197981469315  | 0.0003471707945153429  | -0.0006564851739535973  | -0.0011624349480078358  | 0.004734250977532328    | -0.017601301484064066       | 0.027156106372388727        | -0.004227870465672083      | -0.028041339981075893       | 1.0                    | 0.6756881754244394      | 0.4403545161414422      | 0.6261225310001978      | 0.9062143827936766      | 0.7020669100291919      | -0.0030558799632256083  | -0.0001411226034857707 | 0.0482412856208862     | 0.0012062952512179783  | 0.005100251111948959   | 0.00010442553790448119  | -0.00721351701087092   | -0.0041999407080647675 | -0.008398093649076207  | 0.012415250206419497   | 0.0044843021193718136   | 0.014946883073462976   | -0.006108378334550072  | -0.00989711298972443   |
| Previous_Severe_toxic       | 0.018343962850557814    | -0.006428353561622663   | -0.010531289414026078  | 0.013270503922333813    | -0.001166973895364435   | 0.010873601473519193   | -0.0005534494526042435  | -0.0010762875597467682 | -0.0010361234304096963  | -0.001960810964425501   | -0.00022914355336317205 | -0.0018208821114730229      | 0.017110560121827392        | -0.010034255648288313      | -0.002995136116517091       | 0.6756881754244394     | 1.0                     | 0.1119056652570682      | 0.9893633274746858      | 0.46260352071898053     | 0.9102111419356995      | -0.001505448100227491   | 0.00032573840111191447 | 0.00309173347972847    | 0.01903681586336091    | -0.004531642929309455  | -0.0042482541093687674  | -0.005361548798167577  | -0.003732493385046936  | -0.003229423700332118  | 7.63921601747555e-05   | -0.00036890613952914714 | 0.019829385005922157   | -0.0027699626510470183 | -0.011911447300961322  |
| Previous_Obscene            | -0.007221155847148393   | 0.0019810491635904484   | 0.004499066950217601   | -0.007253372947570623   | -0.0003751962452810045  | -0.015130652305129782  | -0.0002235540775280755  | 0.01543122215532242    | 0.0006558938414764496   | 0.004703593561007143    | 0.022472688806327756    | -0.01383902679110107        | 0.0013530021720245344       | 0.010098242165741346       | -0.012516516735726282       | 0.4403545161414422     | 0.1119056652570682      | 1.0                     | 0.023598668626963994    | 0.44310299079160065     | 0.14541792992777916     | -0.00010860784077532074 | 0.0014012954446624296  | 0.005441747639481753   | -0.012113574192235386  | 0.0010992387080371098  | -0.0002613586820465139  | -0.007220195964613938  | 0.00124715311496047    | -0.008238933992465319  | 0.02475720790055738    | -0.0034900086843563634  | 0.009248248860482783   | -0.001461968318628773  | -0.0022612589059330386 |
| Previous_Threat             | 0.01982736956506023     | -0.003106552353933206   | -0.013948911724282677  | 0.00816623716338793     | -0.0002006473162338827  | -0.009603082740805397  | -0.00012196602618471    | -0.004157397231563369  | -0.00023443872417656952 | -0.0014734719179216908  | -0.00032357680080481065 | -0.004223443838726926       | 0.031247955764495218        | -0.017612424360349106      | -0.018114257870497613       | 0.6261225310001978     | 0.9893633274746858      | 0.023598668626963994    | 1.0                     | 0.40967449199452        | 0.9050175823888649      | -0.0004784431278004167  | 0.00015656462084213574 | 0.016364572035724646   | 0.017181846952965683   | -0.0032157548316285264 | -0.002646740560599438   | -0.0026330169459911484 | -0.0032405242591058065 | -0.003432606052811895  | -0.003252435269110637  | -0.004729643592192411   | 0.01863507625655222    | -0.00425938626971103   | -0.00556368481055415   |
| Previous_Insult             | 0.013366340997162647    | 0.0016985583636326231   | -0.011957102056178948  | 0.0011724189226605954   | -0.000545625527943517   | -0.018403113377393653  | -0.00027216590329225896 | 0.0025281784453515554  | -0.00029487017470717394 | -0.00013676178008322382 | 0.0006996159106587228   | -0.014409286750444984       | 0.015637991525602975        | 0.0009624153690337587      | -0.019712694806024868       | 0.9062143827936766     | 0.46260352071898053     | 0.44310299079160065     | 0.40967449199452        | 1.0                     | 0.511870683050175       | -0.0036975636709737363  | 0.0003893885064574639  | 0.031150869533845823   | -0.0016370733581486754 | 0.0006913067465126005  | -0.0027360066530717686  | -0.005701801505008482  | -0.006204775293518232  | -0.008664865886224142  | 0.023077273373597905   | 0.0060447098411673915   | 0.012329179747270616   | -0.004515407198053783  | -0.01085266879160297   |
| Previous_Identity_hate      | 0.01465016824507823     | -0.0017382137020386934  | -0.010684073228187313  | 0.004144280391130538    | -0.00036628649498811973 | -0.012653831092465278  | -0.00012301625936903313 | -0.0033063559240812477 | -0.00032683382797554447 | -0.0012578735049736454  | 0.00017081963706331126  | -0.0062627102678586575      | 0.029466698876440024        | -0.014794997802877111      | -0.021280750925603626       | 0.7020669100291919     | 0.9102111419356995      | 0.14541792992777916     | 0.9050175823888649      | 0.511870683050175       | 1.0                     | -0.0008459615376539015  | 7.517528826582049e-06  | 0.02536239439624067    | 0.01169179601681276    | -0.0033374520634299747 | -0.003533781607218529   | 1.810600769485058e-05  | -0.0029961798941792665 | -0.006137414819714849  | 0.003544889746269009   | -0.0017501819402382104  | 0.01806183850782357    | -0.0009897588022339135 | -0.010880156886305496  |
| Previous_Timestamp          | -0.007149206909087862   | 0.0061836005135418055   | 0.0016563047342178646  | -0.01643041700108626    | 0.002382401329655957    | -0.0168646432682589    | 0.0016320297044866506   | -0.0008945252744837049 | 0.0024070682351531917   | 0.00349517880879787     | 0.022612581315598082    | 0.006754678659846767        | -0.011831770040640935       | 0.0025796950624380277      | 0.008233389310262901        | -0.0030558799632256083 | -0.001505448100227491   | -0.00010860784077532074 | -0.0004784431278004167  | -0.0036975636709737363  | -0.0008459615376539015  | 1.0                     | -0.007097193245498002  | -0.04908861565936005   | -0.015615402063426976  | 0.0023320947790570474  | 0.0022534456593159458   | -0.0060648382632374    | -0.0030856782816806342 | 0.0010461973600528684  | 0.018814206385121827   | -0.003988763265248591   | 0.002972801809503969   | -0.007771586196088751  | 0.008510860676467075   |
| SLOC                        | -0.0033716081390836408  | -0.009024145516001503   | 0.008748029640801819   | 0.0038575300097135144   | -0.0014097536845488691  | 0.002568488221060322   | -0.000738177841155857   | 0.0015629392020989833  | -0.0012597506328837734  | -0.0004869832330781077  | 0.1490123759727039      | 0.0026490892343659245       | -0.0009033202444076015      | -0.001512444521206519      | -0.001723797208571605       | -0.0001411226034857707 | 0.00032573840111191447  | 0.0014012954446624296   | 0.00015656462084213574  | 0.0003893885064574639   | 7.517528826582049e-06   | -0.007097193245498002   | 1.0                    | 0.005586292331289771   | 0.0015808911789856317  | -0.0048272173752157    | 0.018461914213027432    | -0.008796244804071107  | -0.0004809520904986028 | -0.005839314951439925  | 0.0010992903060016478  | 0.007801767615890703    | -0.002127792862016762  | 0.002468146034541355   | -0.00801216267270739   |
| Time Difference             | 0.011581976000070408    | 0.051450198062859       | -0.04377574423266146   | -0.04179524069991235    | 0.014170858430161028    | -0.07977316946289849   | 0.009877990373650674    | 0.03508488832500637    | 0.0039477697219619965   | -0.0047166749364939975  | 0.03957575983120522     | -0.004843261310669402       | 0.04530558804967309         | -0.026561899488610635      | -0.047593021502499784       | 0.0482412856208862     | 0.00309173347972847     | 0.005441747639481753    | 0.016364572035724646    | 0.031150869533845823    | 0.02536239439624067     | -0.04908861565936005    | 0.005586292331289771   | 1.0                    | -0.015623543400661645  | 0.0004033624373035046  | -0.0031822056978759897  | 0.021676823776144497   | 0.0017143415735934432  | 0.007243867230774769   | -0.008909068126747754  | 0.04318425839599069     | 0.004284764548603199   | -0.007018456369954898  | -0.03781581979030429   |
| Day_of_week_Friday          | -0.007662283753125666   | -0.0018365923094418733  | 0.007421948734723853   | -0.005959576371595524   | 0.01425254427173978     | 0.0355966731855935     | 0.012074834402709286    | 0.014701727736225736   | 0.011802170596125264    | 0.01660726800621966     | -0.014756988380226337   | 0.0018877594478858368       | 0.005258377884432487        | -0.0050194698386467305     | 0.0017901899314497335       | 0.0012062952512179783  | 0.01903681586336091     | -0.012113574192235386   | 0.017181846952965683    | -0.0016370733581486754  | 0.01169179601681276     | -0.015615402063426976   | 0.0015808911789856317  | -0.015623543400661645  | 1.0                    | -0.18716144362590734   | -0.15567934721027452    | -0.15110621044101746   | -0.18845526571893337   | -0.1976740524173124    | -0.1919742390040783    | 0.011090100910222677    | -0.026945538043901054  | 0.05835898933793183    | -0.042612383265944104  |
| Day_of_week_Monday          | 0.009872425700488357    | -0.008753621521529241   | -0.002136935114940213  | 0.015457300549967929    | 0.011369212576628067    | -0.0012450849293697116 | 0.009385298882338263    | 0.008248138364210237   | 0.009748357216984497    | 0.010272883391984714    | 0.003973099037364637    | 0.004747977561091238        | 0.0019854822046050393       | -0.00511452560608811       | -0.0030389380246085714      | 0.005100251111948959   | -0.004531642929309455   | 0.0010992387080371098   | -0.0032157548316285264  | 0.0006913067465126005   | -0.0033374520634299747  | 0.0023320947790570474   | -0.0048272173752157    | 0.0004033624373035046  | -0.18716144362590734   | 1.0                    | -0.14667846451624672    | -0.1423697319106859    | -0.17755938408656208   | -0.18624516997821444   | -0.18087490157419228   | 0.010549964183978052    | 0.026673648966990777   | -0.016252725432366128  | -0.015293544984468055  |
| Day_of_week_Saturday        | -0.0037382353587766793  | -0.006943654244917809   | 0.007681450491290951   | 0.003216210955287651    | -0.00013798917762123625 | -0.023691435609486503  | 0.0006837193720170855   | 0.010521042261799759   | 0.0010895024244812021   | 0.001028484800991145    | 0.018794338590157025    | -0.005011243487372169       | 0.0016768506388439126       | 0.0028612996657743457      | -0.006944514427183563       | 0.00010442553790448119 | -0.0042482541093687674  | -0.0002613586820465139  | -0.002646740560599438   | -0.0027360066530717686  | -0.003533781607218529   | 0.0022534456593159458   | 0.018461914213027432   | -0.0031822056978759897 | -0.15567934721027452   | -0.14667846451624672   | 1.0                     | -0.1184219703426646    | -0.14769243317499214   | -0.1549171983372207    | -0.15045025331219122   | -0.008155780776687426   | 0.007310792817707974   | -0.02761064895382725   | 0.02695613160930589    |
| Day_of_week_Sunday          | 0.004280015916618709    | -0.004639398943761405   | -0.0003575581118730927 | 0.015252027383718952    | -0.007305847230471854   | -0.020988725350206815  | -0.005467876981720934   | -0.01995290833500996   | -0.006801097104824012   | -0.010217915906097044   | 0.008002506741073777    | 0.010747764944617691        | -0.013945517298608162       | 0.0008145751246364479      | 0.02245626738738942         | -0.00721351701087092   | -0.005361548798167577   | -0.007220195964613938   | -0.0026330169459911484  | -0.005701801505008482   | 1.810600769485058e-05   | -0.0060648382632374     | -0.008796244804071107  | 0.021676823776144497   | -0.15110621044101746   | -0.1423697319106859    | -0.1184219703426646     | 1.0                    | -0.1433539148757007    | -0.15036644996499568   | -0.14603072305531917   | -0.016163869887619295   | 0.004702939284308941   | -0.03170380221398207   | 0.04013440257453992    |
| Day_of_week_Thursday        | -0.0026091773339944214  | 0.014830514490137179    | -0.007798754242170461  | -0.009624164811723755   | -0.004780663116021585   | -0.00338247191003138   | -0.0035426330229883195  | -0.0005356652454286753 | -0.0051090980967016504  | 0.000758409435960429    | -0.0031364956187647495  | -0.0015179077284252181      | -0.002008959818613725       | 0.002551861388313045       | -0.00451346925671087        | -0.0041999407080647675 | -0.003732493385046936   | 0.00124715311496047     | -0.0032405242591058065  | -0.006204775293518232   | -0.0029961798941792665  | -0.0030856782816806342  | -0.0004809520904986028 | 0.0017143415735934432  | -0.18845526571893337   | -0.17755938408656208   | -0.14769243317499214    | -0.1433539148757007    | 1.0                    | -0.18753265799374216   | -0.18212526564062118   | -0.04406298712582262    | -0.022956915043734934  | 0.043055081269774836   | 0.02032643374166519    |
| Day_of_week_Tuesday         | -0.004870706479999049   | 0.003789585937103369    | 0.001403575506189531   | 0.000278197142480962    | -0.00232306354984685    | 0.009569806516038023   | -0.00680062498252739    | -0.0035034386724253374 | 1.4260739217503341e-06  | -0.005190123460379333   | -0.004679051486813578   | -0.020411175448838147       | 0.0003606474116558709       | 0.016001137913830104       | -0.003941663117224244       | -0.008398093649076207  | -0.003229423700332118   | -0.008238933992465319   | -0.003432606052811895   | -0.008664865886224142   | -0.006137414819714849   | 0.0010461973600528684   | -0.005839314951439925  | 0.007243867230774769   | -0.1976740524173124    | -0.18624516997821444   | -0.1549171983372207     | -0.15036644996499568   | -0.18753265799374216   | 1.0                    | -0.19103440367887708   | 0.025773483754176832    | 0.00239984833549114    | -0.008757333660739525  | -0.018368485522662105  |
| Day_of_week_Wednesday       | 0.005307141753901679    | 0.001805476925041591    | -0.005510971916264958  | -0.015391206778370702   | -0.012434827547687296   | -0.0037633616813521607 | -0.007154032391588055   | -0.01136315010495598   | -0.01185559094935721    | -0.014873799352091526   | -0.0037330001846907607  | 0.011020933649931954        | 0.004517966586871647        | -0.011812836753102865      | -0.0032137034296604904      | 0.012415250206419497   | 7.63921601747555e-05    | 0.02475720790055738     | -0.003252435269110637   | 0.023077273373597905    | 0.003544889746269009    | 0.018814206385121827    | 0.0010992903060016478  | -0.008909068126747754  | -0.1919742390040783    | -0.18087490157419228   | -0.15045025331219122    | -0.14603072305531917   | -0.18212526564062118   | -0.19103440367887708   | 1.0                    | 0.0160126436901361      | 0.011385441191869336   | -0.027139200711676248  | 0.0006189132354859267  |
| Time_of_day_Afternoon       | 0.011189247511179404    | 0.004903223541162067    | -0.012324867761408688  | 0.015851265404956637    | -0.001993750595168809   | 0.032652615858438795   | -0.001487143185047306   | 0.007877205390604063   | 0.009168885854392302    | -0.0002863648763667552  | -0.0052385618489000545  | 0.0029552173479213987       | -0.006617997459786638       | 0.002085090327495876       | 0.009764485442499584        | 0.0044843021193718136  | -0.00036890613952914714 | -0.0034900086843563634  | -0.004729643592192411   | 0.0060447098411673915   | -0.0017501819402382104  | -0.003988763265248591   | 0.007801767615890703   | 0.04318425839599069    | 0.011090100910222677   | 0.010549964183978052   | -0.008155780776687426   | -0.016163869887619295  | -0.04406298712582262   | 0.025773483754176832   | 0.0160126436901361     | 1.0                     | -0.2568415084112191    | -0.3446320471594509    | -0.44830342362507625   |
| Time_of_day_Evening         | 0.00745287720951282     | 0.016621442931756967    | -0.01714021123623897   | -0.005198387661505736   | -0.009416327894880193   | -0.0037168807620278333 | -0.0066712384473066625  | -0.014148603633471285  | -0.008522415209851529   | -0.008857845389278779   | -0.0023054346938529047  | -0.0010629706504340732      | 0.010076438150248288        | -0.005915127501535905      | -0.0007117689624333677      | 0.014946883073462976   | 0.019829385005922157    | 0.009248248860482783    | 0.01863507625655222     | 0.012329179747270616    | 0.01806183850782357     | 0.002972801809503969    | -0.002127792862016762  | 0.004284764548603199   | -0.026945538043901054  | 0.026673648966990777   | 0.007310792817707974    | 0.004702939284308941   | -0.022956915043734934  | 0.00239984833549114    | 0.011385441191869336   | -0.2568415084112191     | 1.0                    | -0.22781939229125908   | -0.29635146926746253   |
| Time_of_day_Morning         | -0.020258365714027334   | -0.004059583351855209   | 0.01909125165139919    | -0.0075381686163389664  | 0.006866610134287764    | 0.023095480401079765   | -0.0024235740636951455  | 0.006837590616217025   | -0.0007179199585042365  | 0.00207901349553881     | -0.006186136183225427   | -0.021246408219056163       | -0.002400717428569964       | 0.01849684920984917        | -0.01273787390620625        | -0.006108378334550072  | -0.0027699626510470183  | -0.001461968318628773   | -0.00425938626971103    | -0.004515407198053783   | -0.0009897588022339135  | -0.007771586196088751   | 0.002468146034541355   | -0.007018456369954898  | 0.05835898933793183    | -0.016252725432366128  | -0.02761064895382725    | -0.03170380221398207   | 0.043055081269774836   | -0.008757333660739525  | -0.027139200711676248  | -0.3446320471594509     | -0.22781939229125908   | 1.0                    | -0.3976468373984052    |
| Time_of_day_Night           | 0.0019623421786075456   | -0.013368435043554696   | 0.007354406259093227   | -0.004414694985499436   | 0.0027513799219804243   | -0.04879250161389322   | 0.008530798839422383    | -0.0030542065371143693 | -0.001708838119230722   | 0.004996265663837543    | 0.012200417589662706    | 0.016970984711803944        | 0.0009242057596730017       | -0.014102631442909474      | 0.0026606228544013236       | -0.00989711298972443   | -0.011911447300961322   | -0.0022612589059330386  | -0.00556368481055415    | -0.01085266879160297    | -0.010880156886305496   | 0.008510860676467075    | -0.00801216267270739   | -0.03781581979030429   | -0.042612383265944104  | -0.015293544984468055  | 0.02695613160930589     | 0.04013440257453992    | 0.02032643374166519    | -0.018368485522662105  | 0.0006189132354859267  | -0.44830342362507625    | -0.29635146926746253   | -0.3976468373984052    | 1.0                    |
|                             |                         |                         |                        |                         |                         |                        |                         |                        |                         |                         |                         |                             |                             |                            |                             |                        |                         |                         |                         |                         |                         |                         |                        |                        |                        |                        |                         |                        |                        |                        |                        |                         |                        |                        |                        |