|                             | NLTK_Positive_Sentiment | NLTK_Negative_Sentiment | NLTK_Neutral_Sentiment | NLTK_Compound_Sentiment | Toxic                  | Severe_toxic            | Obscene                 | Threat                  | Insult                  | Identity_hate          | Pull_Request            | Previous_Positive_Sentiment | Previous_Negative_Sentiment | Previous_Neutral_Sentiment | Previous_Compound_Sentiment | Previous_Toxic         | Previous_Severe_toxic   | Previous_Obscene        | Previous_Threat         | Previous_Insult        | Previous_Identity_hate | Previous_Timestamp      | SLOC                    | Time Difference        | Day_of_week_Friday     | Day_of_week_Monday     | Day_of_week_Saturday   | Day_of_week_Sunday     | Day_of_week_Thursday   | Day_of_week_Tuesday    | Day_of_week_Wednesday  | Time_of_day_Afternoon  | Time_of_day_Evening    | Time_of_day_Morning     | Time_of_day_Night      |
| --------------------------- | ----------------------- | ----------------------- | ---------------------- | ----------------------- | ---------------------- | ----------------------- | ----------------------- | ----------------------- | ----------------------- | ---------------------- | ----------------------- | --------------------------- | --------------------------- | -------------------------- | --------------------------- | ---------------------- | ----------------------- | ----------------------- | ----------------------- | ---------------------- | ---------------------- | ----------------------- | ----------------------- | ---------------------- | ---------------------- | ---------------------- | ---------------------- | ---------------------- | ---------------------- | ---------------------- | ---------------------- | ---------------------- | ---------------------- | ----------------------- | ---------------------- |
| NLTK_Positive_Sentiment     | 1.0                     | -0.07666503758327126    | -0.6450217667811373    | 0.5628601176992456      | 0.006255638735864552   | 0.008661123001824363    | -0.00035465784506787026 | 0.007605723881946287    | 0.004252669252361927    | 0.008988558163842213   | -0.1385626164436497     | 0.16124259831119445         | -0.005488244179775003       | -0.10984673787564307       | 0.08254008236280545         | -0.002370739912237955  | 0.0018999022885697833   | -0.0026930687697801266  | 0.0004151463321754251   | -0.0024361152001387116 | -0.0006773249196660569 | -0.008606195786641707   | -0.014368969959971799   | -0.020928118064117752  | 0.003418683209455288   | 0.009234987187502068   | 0.011883957247227833   | 0.026725730965331006   | -0.021066691467711066  | 0.0074708429912695995  | -0.020871810839429513  | 0.00231171997611413    | -0.005010265182250053  | -0.007503479921672219   | 0.009108058205402406   |
| NLTK_Negative_Sentiment     | -0.07666503758327126    | 1.0                     | -0.7124633800821035    | -0.6272875275754728     | 0.030800951239929913   | 0.021166438266019133    | 0.014079487667732543    | 0.018151191728761826    | 0.014609442604812903    | 0.024275849406481774   | -0.15188605531130284    | -0.003878539845137078       | 0.12495700206530642         | -0.09284762175138747       | -0.07700607899642659        | 0.0014483139646343727  | -0.00035168527944401824 | 0.0036578062432615533   | -0.0014841819354285332  | -0.0021548576516848433 | 0.00805115457851792    | 0.001969169957626873    | -0.01777273229013844    | -0.007866055046884455  | 0.002975599108727654   | 0.017404816784104448   | -0.021388897369613438  | -0.023595133338069466  | -0.0037466445183471737 | 0.024089728771692617   | -0.011006078340093794  | 0.016572956291577817   | -0.007092867466025308  | 0.027126370225222043    | -0.03829165600516856   |
| NLTK_Neutral_Sentiment      | -0.6450217667811373     | -0.7124633800821035     | 1.0                    | 0.08464167308164794     | -0.028006056677707072  | -0.02231567449567592    | -0.010541017790355257   | -0.01925748856983647    | -0.014191149670061676   | -0.024927661079106277  | 0.21392987168986566     | -0.11051317018485662        | -0.09190593352128024        | 0.1484719516223344         | 0.0009237980510774671       | 0.0005540000018474058  | -0.0010680564672969262  | -0.0009107207241278481  | 0.0008453657465664034   | 0.0033646419426780617  | -0.005692069254211748  | 0.004546738962540899    | 0.023734048362163068    | 0.020753289274708195   | -0.004678622035371883  | -0.019840804941497397  | 0.00802942335134355    | -0.0007256757311872515 | 0.0176973277628341     | -0.023721535442237988  | 0.023120353878659003   | -0.014325651172040137  | 0.0089629399035275     | -0.015513460448318847   | 0.022937410081840713   |
| NLTK_Compound_Sentiment     | 0.5628601176992456      | -0.6272875275754728     | 0.08464167308164794    | 1.0                     | -0.015082681785878715  | -0.002850808398688392   | -0.007765166074261419   | -0.007519205311470121   | -0.006744011639619749   | -0.01089152871954823   | -0.0011771557306157233  | 0.08246088733327198         | -0.07804534162690262        | 0.0015683190771739347      | 0.12670269615720847         | -0.0015940191775645235 | 0.005505588175142112    | -0.003895537934221764   | 0.003387015657886525    | 3.058398123336255e-05  | -0.004668786511054538  | -0.017681073150269875   | 0.0023653742561160797   | -0.030965689292015056  | 0.0010979127241768298  | -0.003572376551996421  | 0.021441789491967077   | 0.03606381657258404    | -0.013887834387921922  | -0.00954780064438188   | -0.009197293518501837  | -0.005871890541899166  | 0.0030836960482145694  | -0.020208824769765016   | 0.023422164113442754   |
| Toxic                       | 0.006255638735864552    | 0.030800951239929913    | -0.028006056677707072  | -0.015082681785878715   | 1.0                    | 0.6005740342028201      | 0.7083617646346152      | 0.360558051391852       | 0.664300443845942       | 0.5755079595116916     | -0.011731578940371986   | -0.0033310605647258514      | 0.0019357377695501724       | 0.0008783652630700021      | -0.003333672264056207       | 0.0674439782265737     | 0.034365408215664195    | 0.029547774163016405    | 0.00018354246497266562  | 0.12643563113830095    | 0.04651692735034151    | -0.0004249734841873435  | -0.0009108018253932182  | 0.025621681760271846   | -2.061651745596257e-05 | -0.0020720768286036986 | 0.004408081817758685   | -0.001082024723916853  | -0.0024413687609996255 | 0.0035047556233661196  | -0.0011074240282968831 | 0.0029886459077657374  | -0.0038696287830586847 | -0.005478988112009742   | 0.005428076540010363   |
| Severe_toxic                | 0.008661123001824363    | 0.021166438266019133    | -0.02231567449567592   | -0.002850808398688392   | 0.6005740342028201     | 1.0                     | 0.5181557950396074      | 0.5908561360998924      | 0.6264884318123156      | 0.4470727807186854     | -0.026457153318962905   | -0.0007939984297286716      | -0.0006041045541635002      | 0.0010408287254955748      | 0.002150620680880815        | 0.028923753428660198   | 0.023091286867138763    | 0.011892034855981693    | 0.00010454078576076415  | 0.07216585225871928    | 0.020132495570359416   | -0.00026309992568813534 | -0.0024220068469125037  | -0.013907186668791401  | -0.0007613726427177359 | -0.0013493683095540392 | 0.006104943598448737   | -0.0010373813333034165 | -0.0009276423080592156 | 0.004918270475005658   | -0.0049882703137393986 | -0.0005191196364152948 | -0.0038073026591519607 | -0.0010074668218228386  | 0.004794570879391524   |
| Obscene                     | -0.00035465784506787026 | 0.014079487667732543    | -0.010541017790355257  | -0.007765166074261419   | 0.7083617646346152     | 0.5181557950396074      | 1.0                     | 0.014877318893193419    | 0.5243442936925776      | 0.24995482461763086    | -0.008598895206928654   | -0.0004238687672574019      | 0.003697214299251526        | -0.002519901678565193      | -0.0025627735271718114      | 0.02227129360965127    | 0.01237580527514576     | 0.014074397169822882    | -1.207856271009041e-05  | 0.04200023927541753    | 0.016697114377374325   | 0.00012155136355567061  | -0.0008960620879026676  | 0.0011884789730115385  | 0.0016264625283488531  | 0.0003663882721286224  | 0.0012105566437971892  | -0.003801274070796799  | -0.0016600017980584623 | 0.002250424162032935   | -0.0008763393987801495 | 0.00114659526711116    | -0.0015811864735224865 | -0.0005431663933374181  | 0.0006436765255121295  |
| Threat                      | 0.007605723881946287    | 0.018151191728761826    | -0.01925748856983647   | -0.007519205311470121   | 0.360558051391852      | 0.5908561360998924      | 0.014877318893193419    | 1.0                     | 0.06996443563488511     | 0.5613028363821607     | -0.002776893158963418   | -0.0025892050249390025      | -0.0025749350298175096      | 0.003798798190750331       | -7.907521474423642e-05      | 0.0002139903659913009  | -0.0001689041660858421  | 2.3908012686968692e-05  | -3.4645742012592115e-05 | 0.0007724219839231184  | -6.847202123362321e-05 | -0.00036263580968113636 | -0.00031511036158618624 | 0.009376475925179588   | -0.0009118688155013441 | -0.0024372101271372027 | 0.005455159300408313   | -0.0013333671869339384 | 0.004083011590220449   | -0.0028435151294861813 | -0.0008159274700277596 | 0.002057895409684661   | -0.002564109987282575  | -0.002069015287177533   | 0.0019892455094468265  |
| Insult                      | 0.004252669252361927    | 0.014609442604812903    | -0.014191149670061676  | -0.006744011639619749   | 0.664300443845942      | 0.6264884318123156      | 0.5243442936925776      | 0.06996443563488511     | 1.0                     | 0.3202141003895203     | -0.005219357206445753   | -0.0035354715889392555      | 0.0015917066591534077       | 0.0012788837276531508      | -0.002959973845170043       | 0.10190192244975738    | 0.07320987562806942     | 0.041335016060903444    | 0.0005864400321546912   | 0.24235000763934       | 0.07399038707959164    | -0.00014507618596144097 | -3.579660612267896e-05  | 0.008696361858892667   | -0.002307577025008581  | -0.001420528819676919  | 0.000306886992538314   | -0.001555236607706701  | -0.0017235787249581052 | 0.009152626978939515   | -0.0028813710009882357 | -0.0015235577937046374 | -0.0009929887757734385 | -0.004013362400577655   | 0.006408053975485985   |
| Identity_hate               | 0.008988558163842213    | 0.024275849406481774    | -0.024927661079106277  | -0.01089152871954823    | 0.5755079595116916     | 0.4470727807186854      | 0.24995482461763086     | 0.5613028363821607      | 0.3202141003895203      | 1.0                    | -0.012268506262393331   | -0.0012128967662121046      | 0.002103792168131556        | -0.0007376767140292489     | -0.002136866784636424       | 0.04418683170059349    | 0.019737335118294473    | 0.016506099328809157    | 4.360205247649321e-05   | 0.07248610668336275    | 0.03490343366593364    | -0.0009475919788487059  | -0.0020459295800938086  | 0.025053778391397143   | -0.0007531504882912155 | -0.0010896832830584418 | -0.0012765164610897212 | 0.0008346515451057297  | 0.002749161882876863   | 0.002074408244691013   | -0.0026897808927833014 | 0.0031010636004336     | -0.0006057970951658751 | -0.003988407705944075   | 0.001064828768196524   |
| Pull_Request                | -0.1385626164436497     | -0.15188605531130284    | 0.21392987168986566    | -0.0011771557306157233  | -0.011731578940371986  | -0.026457153318962905   | -0.008598895206928654   | -0.002776893158963418   | -0.005219357206445753   | -0.012268506262393331  | 1.0                     | -0.05603565128152095        | -0.05383323135027992        | 0.0808195663377291         | -0.017704495572500794       | -0.0016455993582034296 | -0.01538075331307765    | -0.003377589832575867   | -0.002404144597409689   | -0.0021944316996022712 | -0.007717289087398968  | -0.00037386421441464355 | 0.0714051378364905      | 0.1847394491262379     | -0.0059776387343222015 | -0.028574047836380213  | -0.019614898446404527  | -0.02272020518046344   | -0.00629887376265026   | -0.029843294989782124  | 0.09152540192238034    | -0.03082479287218879   | 0.04835007093205887    | -0.030413954866084704   | 0.02163873469760442    |
| Previous_Positive_Sentiment | 0.16124259831119445     | -0.003878539845137078   | -0.11051317018485662   | 0.08246088733327198     | -0.0033310605647258514 | -0.0007939984297286716  | -0.0004238687672574019  | -0.0025892050249390025  | -0.0035354715889392555  | -0.0012128967662121046 | -0.05603565128152095    | 1.0                         | -0.07882304078878934        | -0.6446488594039379        | 0.5645450543669313          | 0.007692363974326869   | 0.00920145656408563     | 0.00025213603085579955  | 0.008260347441917015    | 0.004644488047194872   | 0.011414258853991862   | 0.0074383825325640895   | -0.005515624523643946   | -0.020589495202725707  | 0.0001885875623742418  | 0.009563230171672923   | 0.012974785390822549   | 0.023804062749239435   | -0.018771583595642013  | 0.009045121510402338   | -0.020917466745840486  | -0.0018046165867384794 | -0.0030034518565614917 | -0.007100886260178996   | 0.011441306369491948   |
| Previous_Negative_Sentiment | -0.005488244179775003   | 0.12495700206530642     | -0.09190593352128024   | -0.07804534162690262    | 0.0019357377695501724  | -0.0006041045541635002  | 0.003697214299251526    | -0.0025749350298175096  | 0.0015917066591534077   | 0.002103792168131556   | -0.05383323135027992    | -0.07882304078878934        | 1.0                         | -0.710064357083288         | -0.6280142681428128         | 0.02986914576274357    | 0.019919594781717342    | 0.01375342752644662     | 0.01620547540175603     | 0.014443574038136824   | 0.022920894214993895   | -0.0014908727738861987  | -0.008789388432204679   | -0.007247403069296675  | 0.007354736233252564   | 0.013913829861882908   | -0.021982219649275443  | -0.024990346823385825  | -0.003803175483351105  | 0.025038134126775923   | -0.011525915655549149  | 0.015870598305164525   | -0.011956371041410672  | 0.029669386616535776    | -0.035862415894961266  |
| Previous_Neutral_Sentiment  | -0.10984673787564307    | -0.09284762175138747    | 0.1484719516223344     | 0.0015683190771739347   | 0.0008783652630700021  | 0.0010408287254955748   | -0.002519901678565193   | 0.003798798190750331    | 0.0012788837276531508   | -0.0007376767140292489 | 0.0808195663377291      | -0.6446488594039379         | -0.710064357083288          | 1.0                        | 0.08284146996986154         | -0.028281560921253945  | -0.021603447030636706   | -0.010701266775963383   | -0.018223074350053416   | -0.014327878641117982  | -0.02541752776010202   | -0.004108866000939889   | 0.01061995536598857     | 0.01965900118102188    | -0.005663392570191171  | -0.017606318260489074  | 0.007516591202326813   | 0.002411480553733974   | 0.016258466605584394   | -0.025455141861398974  | 0.023541118944340186   | -0.010720104319840017  | 0.011226607768966071   | -0.017721215002923476   | 0.019269803949123924   |
| Previous_Compound_Sentiment | 0.08254008236280545     | -0.07700607899642659    | 0.0009237980510774671  | 0.12670269615720847     | -0.003333672264056207  | 0.002150620680880815    | -0.0025627735271718114  | -7.907521474423642e-05  | -0.002959973845170043   | -0.002136866784636424  | -0.017704495572500794   | 0.5645450543669313          | -0.6280142681428128         | 0.08284146996986154        | 1.0                         | -0.013910733203953822  | -0.001771536344456361   | -0.007352907665197125   | -0.0061542796554329045  | -0.00646681574758613   | -0.008768077411875918  | 0.012264702850974332    | 0.0009632442460669994   | -0.031766548793363346  | -0.0037787664144138607 | -0.002390593251861576  | 0.022478620952014142   | 0.03435978448585838    | -0.01114662453323859   | -0.007876879723069736  | -0.009710843527541016  | -0.00906131557358274   | 0.003604505581877596   | -0.020871572849905363   | 0.027064357008083517   |
| Previous_Toxic              | -0.002370739912237955   | 0.0014483139646343727   | 0.0005540000018474058  | -0.0015940191775645235  | 0.0674439782265737     | 0.028923753428660198    | 0.02227129360965127     | 0.0002139903659913009   | 0.10190192244975738     | 0.04418683170059349    | -0.0016455993582034296  | 0.007692363974326869        | 0.02986914576274357         | -0.028281560921253945      | -0.013910733203953822       | 1.0                    | 0.596442772542548       | 0.7169423021779109      | 0.34453365744063424     | 0.6672812979557177     | 0.600291605126829      | -0.0001083356733460045  | -0.0014740298143203644  | 0.024811698554443335   | 8.850271919480046e-05  | 0.0008271551469322042  | 0.005611736881769354   | -0.0011105922281523341 | -0.006391029333228888  | 0.0033701383121939     | -0.0005689225242735707 | -0.002033028145623195  | 0.0001935451145886611  | -0.004327237126328526   | 0.00625059439523976    |
| Previous_Severe_toxic       | 0.0018999022885697833   | -0.00035168527944401824 | -0.0010680564672969262 | 0.005505588175142112    | 0.034365408215664195   | 0.023091286867138763    | 0.01237580527514576     | -0.0001689041660858421  | 0.07320987562806942     | 0.019737335118294473   | -0.01538075331307765    | 0.00920145656408563         | 0.019919594781717342        | -0.021603447030636706      | -0.001771536344456361       | 0.596442772542548      | 1.0                     | 0.5205679010319713      | 0.5758099321822786      | 0.6321101720416146     | 0.4354034771959899     | 0.0003230922638876381   | -0.0017577682107592944  | -0.014592486478027389  | -0.0013613656114083075 | 0.0037923893746246834  | 0.0029817815369487972  | -0.0009362713942708503 | -0.003924310124086139  | 0.005392937904940013   | -0.004776039232022126  | -0.0035454939031203656 | -0.0019708012862753206 | -0.00037569484712696795 | 0.005873951487704121   |
| Previous_Obscene            | -0.0026930687697801266  | 0.0036578062432615533   | -0.0009107207241278481 | -0.003895537934221764   | 0.029547774163016405   | 0.011892034855981693    | 0.014074397169822882    | 2.3908012686968692e-05  | 0.041335016060903444    | 0.016506099328809157   | -0.003377589832575867   | 0.00025213603085579955      | 0.01375342752644662         | -0.010701266775963383      | -0.007352907665197125       | 0.7169423021779109     | 0.5205679010319713      | 1.0                     | 0.014696387651741465    | 0.5186241087044787     | 0.2852791679286906     | -0.00017319627922458722 | -0.0010230214305977433  | 0.0014409847494113624  | 0.0025383905888379465  | 0.0007245536337966351  | 0.0029759708821666037  | -0.002502295181168385  | -0.0035062530783303665 | 0.0018217613677487035  | -0.0016635549865896381 | -0.0006498234880167346 | -0.0004981019803853011 | -0.0011362139849443868  | 0.0022351402757193103  |
| Previous_Threat             | 0.0004151463321754251   | -0.0014841819354285332  | 0.0008453657465664034  | 0.003387015657886525    | 0.00018354246497266562 | 0.00010454078576076415  | -1.207856271009041e-05  | -3.4645742012592115e-05 | 0.0005864400321546912   | 4.360205247649321e-05  | -0.002404144597409689   | 0.008260347441917015        | 0.01620547540175603         | -0.018223074350053416      | -0.0061542796554329045      | 0.34453365744063424    | 0.5758099321822786      | 0.014696387651741465    | 1.0                     | 0.0674580685196745     | 0.5181565099726033     | 0.0002927354803466654   | -0.0002846779144429863  | 0.009069978578603815   | -0.002391744921425722  | 0.005449828927909846   | 0.0012111236174081096  | -0.0013957988875735025 | -0.0019792463001021836 | -0.0023730324742111    | 0.0015021938460306795  | -0.0013309579991572652 | 0.00023909877895579506 | -0.0011607342521567706  | 0.002364186096774695   |
| Previous_Insult             | -0.0024361152001387116  | -0.0021548576516848433  | 0.0033646419426780617  | 3.058398123336255e-05   | 0.12643563113830095    | 0.07216585225871928     | 0.04200023927541753     | 0.0007724219839231184   | 0.24235000763934        | 0.07248610668336275    | -0.0021944316996022712  | 0.004644488047194872        | 0.014443574038136824        | -0.014327878641117982      | -0.00646681574758613        | 0.6672812979557177     | 0.6321101720416146      | 0.5186241087044787      | 0.0674580685196745      | 1.0                    | 0.3575528960893194     | -5.777637090104522e-05  | -0.0006433455409332696  | 0.008522109837621892   | -0.003315293608086485  | -0.0008644664701450337 | 0.0017594225058873564  | -0.0016671639479034358 | -0.002165679277817898  | 0.00888977230378641    | -0.002603070105971364  | -0.004294453357452269  | 0.0009683917623666126  | -0.004383351673768984   | 0.008082857401197355   |
| Previous_Identity_hate      | -0.0006773249196660569  | 0.00805115457851792     | -0.005692069254211748  | -0.004668786511054538   | 0.04651692735034151    | 0.020132495570359416    | 0.016697114377374325    | -6.847202123362321e-05  | 0.07399038707959164     | 0.03490343366593364    | -0.007717289087398968   | 0.011414258853991862        | 0.022920894214993895        | -0.02541752776010202       | -0.008768077411875918       | 0.600291605126829      | 0.4354034771959899      | 0.2852791679286906      | 0.5181565099726033      | 0.3575528960893194     | 1.0                    | -2.171088999950154e-05  | -0.0022276630333822023  | 0.026854754578889275   | -0.0013340267845939925 | 0.0013073316830809656  | 0.0022119974729854527  | -0.001548530281211369  | -0.0025046214429480327 | 0.003867203796812158   | -0.0016437221056485826 | -0.002147900310778478  | 0.0022467691848510104  | -0.0019894538302510645  | 0.002339566494886997   |
| Previous_Timestamp          | -0.008606195786641707   | 0.001969169957626873    | 0.004546738962540899   | -0.017681073150269875   | -0.0004249734841873435 | -0.00026309992568813534 | 0.00012155136355567061  | -0.00036263580968113636 | -0.00014507618596144097 | -0.0009475919788487059 | -0.00037386421441464355 | 0.0074383825325640895       | -0.0014908727738861987      | -0.004108866000939889      | 0.012264702850974332        | -0.0001083356733460045 | 0.0003230922638876381   | -0.00017319627922458722 | 0.0002927354803466654   | -5.777637090104522e-05 | -2.171088999950154e-05 | 1.0                     | -0.00271810667311275    | -0.011813592287860171  | -0.0005319362208113568 | -0.00425816659614806   | 0.00787311818768055    | 0.002723147689479509   | 0.0029190473144663043  | 0.003394312693858301   | -0.00815063055392685   | 0.0019743940669220534  | -0.0016915537554012857 | 0.0029320338746253245   | -0.0035464512722794845 |
| SLOC                        | -0.014368969959971799   | -0.01777273229013844    | 0.023734048362163068   | 0.0023653742561160797   | -0.0009108018253932182 | -0.0024220068469125037  | -0.0008960620879026676  | -0.00031511036158618624 | -3.579660612267896e-05  | -0.0020459295800938086 | 0.0714051378364905      | -0.005515624523643946       | -0.008789388432204679       | 0.01061995536598857        | 0.0009632442460669994       | -0.0014740298143203644 | -0.0017577682107592944  | -0.0010230214305977433  | -0.0002846779144429863  | -0.0006433455409332696 | -0.0022276630333822023 | -0.00271810667311275    | 1.0                     | 0.009855877722936335   | -0.002792336317654164  | -0.007591526409625792  | -0.0010366027140991227 | -0.007081334623401066  | -0.003915385606849745  | -0.0037591226486087437 | 0.021700486749560377   | 0.00019860907721527943 | -0.0009884116318799052 | -0.0010735128722729054  | 0.0016775371714192254  |
| Time Difference             | -0.020928118064117752   | -0.007866055046884455   | 0.020753289274708195   | -0.030965689292015056   | 0.025621681760271846   | -0.013907186668791401   | 0.0011884789730115385   | 0.009376475925179588    | 0.008696361858892667    | 0.025053778391397143   | 0.1847394491262379      | -0.020589495202725707       | -0.007247403069296675       | 0.01965900118102188        | -0.031766548793363346       | 0.024811698554443335   | -0.014592486478027389   | 0.0014409847494113624   | 0.009069978578603815    | 0.008522109837621892   | 0.026854754578889275   | -0.011813592287860171   | 0.009855877722936335    | 1.0                    | 0.011669215680622161   | -0.004922129904268702  | -0.030413844249822807  | 0.002026828882809791   | 0.025728383534075968   | -0.0049653184672226345 | -0.009303749856509353  | 0.06652426554835583    | 0.006778749854212661   | -0.04345075823158768    | -0.03513920800567411   |
| Day_of_week_Friday          | 0.003418683209455288    | 0.002975599108727654    | -0.004678622035371883  | 0.0010979127241768298   | -2.061651745596257e-05 | -0.0007613726427177359  | 0.0016264625283488531   | -0.0009118688155013441  | -0.002307577025008581   | -0.0007531504882912155 | -0.0059776387343222015  | 0.0001885875623742418       | 0.007354736233252564        | -0.005663392570191171      | -0.0037787664144138607      | 8.850271919480046e-05  | -0.0013613656114083075  | 0.0025383905888379465   | -0.002391744921425722   | -0.003315293608086485  | -0.0013340267845939925 | -0.0005319362208113568  | -0.002792336317654164   | 0.011669215680622161   | 1.0                    | -0.18884559318398741   | -0.11452697976076899   | -0.10768666685503725   | -0.21127004086943948   | -0.20108644706500334   | -0.21726950935508882   | 0.019336283852435732   | -0.013823554945118957  | 0.028894944538081144    | -0.03725020970609208   |
| Day_of_week_Monday          | 0.009234987187502068    | 0.017404816784104448    | -0.019840804941497397  | -0.003572376551996421   | -0.0020720768286036986 | -0.0013493683095540392  | 0.0003663882721286224   | -0.0024372101271372027  | -0.001420528819676919   | -0.0010896832830584418 | -0.028574047836380213   | 0.009563230171672923        | 0.013913829861882908        | -0.017606318260489074      | -0.002390593251861576       | 0.0008271551469322042  | 0.0037923893746246834   | 0.0007245536337966351   | 0.005449828927909846    | -0.0008644664701450337 | 0.0013073316830809656  | -0.00425816659614806    | -0.007591526409625792   | -0.004922129904268702  | -0.18884559318398741   | 1.0                    | -0.11293236976828915   | -0.10618729757643931   | -0.2083284342804474    | -0.1982866311743571    | -0.21424436950244147   | 0.01722847429746206    | 0.0067684498903611175  | 0.009766917251071941    | -0.033894918314099874  |
| Day_of_week_Saturday        | 0.011883957247227833    | -0.021388897369613438   | 0.00802942335134355    | 0.021441789491967077    | 0.004408081817758685   | 0.006104943598448737    | 0.0012105566437971892   | 0.005455159300408313    | 0.000306886992538314    | -0.0012765164610897212 | -0.019614898446404527   | 0.012974785390822549        | -0.021982219649275443       | 0.007516591202326813       | 0.022478620952014142        | 0.005611736881769354   | 0.0029817815369487972   | 0.0029759708821666037   | 0.0012111236174081096   | 0.0017594225058873564  | 0.0022119974729854527  | 0.00787311818768055     | -0.0010366027140991227  | -0.030413844249822807  | -0.11452697976076899   | -0.11293236976828915   | 1.0                    | -0.06439816929452465   | -0.12634251069435334   | -0.12025257572842395   | -0.1299302787857921    | -0.04799270105258392   | -0.006588502662789533  | -0.02298474434235362    | 0.07982363803075608    |
| Day_of_week_Sunday          | 0.026725730965331006    | -0.023595133338069466   | -0.0007256757311872515 | 0.03606381657258404     | -0.001082024723916853  | -0.0010373813333034165  | -0.003801274070796799   | -0.0013333671869339384  | -0.001555236607706701   | 0.0008346515451057297  | -0.02272020518046344    | 0.023804062749239435        | -0.024990346823385825       | 0.002411480553733974       | 0.03435978448585838         | -0.0011105922281523341 | -0.0009362713942708503  | -0.002502295181168385   | -0.0013957988875735025  | -0.0016671639479034358 | -0.001548530281211369  | 0.002723147689479509    | -0.007081334623401066   | 0.002026828882809791   | -0.10768666685503725   | -0.10618729757643931   | -0.06439816929452465   | 1.0                    | -0.11879649570076312   | -0.1130702921527888    | -0.12216997842093105   | -0.04093263322200626   | -0.0036055312244993943 | -0.04417275737594882    | 0.09033875454955287    |
| Day_of_week_Thursday        | -0.021066691467711066   | -0.0037466445183471737  | 0.0176973277628341     | -0.013887834387921922   | -0.0024413687609996255 | -0.0009276423080592156  | -0.0016600017980584623  | 0.004083011590220449    | -0.0017235787249581052  | 0.002749161882876863   | -0.00629887376265026    | -0.018771583595642013       | -0.003803175483351105       | 0.016258466605584394       | -0.01114662453323859        | -0.006391029333228888  | -0.003924310124086139   | -0.0035062530783303665  | -0.0019792463001021836  | -0.002165679277817898  | -0.0025046214429480327 | 0.0029190473144663043   | -0.003915385606849745   | 0.025728383534075968   | -0.21127004086943948   | -0.2083284342804474    | -0.12634251069435334   | -0.11879649570076312   | 1.0                    | -0.2218321538022655    | -0.23968479188565087   | 0.021691285735731737   | -0.009601831212993543  | 0.013710907929571896    | -0.02857738054393005   |
| Day_of_week_Tuesday         | 0.0074708429912695995   | 0.024089728771692617    | -0.023721535442237988  | -0.00954780064438188    | 0.0035047556233661196  | 0.004918270475005658    | 0.002250424162032935    | -0.0028435151294861813  | 0.009152626978939515    | 0.002074408244691013   | -0.029843294989782124   | 0.009045121510402338        | 0.025038134126775923        | -0.025455141861398974      | -0.007876879723069736       | 0.0033701383121939     | 0.005392937904940013    | 0.0018217613677487035   | -0.0023730324742111     | 0.00888977230378641    | 0.003867203796812158   | 0.003394312693858301    | -0.0037591226486087437  | -0.0049653184672226345 | -0.20108644706500334   | -0.1982866311743571    | -0.12025257572842395   | -0.1130702921527888    | -0.2218321538022655    | 1.0                    | -0.22813155626540585   | 0.009534094031019959   | -0.014887906857325925  | 0.016598442262065582    | -0.013768069575756284  |
| Day_of_week_Wednesday       | -0.020871810839429513   | -0.011006078340093794   | 0.023120353878659003   | -0.009197293518501837   | -0.0011074240282968831 | -0.0049882703137393986  | -0.0008763393987801495  | -0.0008159274700277596  | -0.0028813710009882357  | -0.0026897808927833014 | 0.09152540192238034     | -0.020917466745840486       | -0.011525915655549149       | 0.023541118944340186       | -0.009710843527541016       | -0.0005689225242735707 | -0.004776039232022126   | -0.0016635549865896381  | 0.0015021938460306795   | -0.002603070105971364  | -0.0016437221056485826 | -0.00815063055392685    | 0.021700486749560377    | -0.009303749856509353  | -0.21726950935508882   | -0.21424436950244147   | -0.1299302787857921    | -0.12216997842093105   | -0.23968479188565087   | -0.22813155626540585   | 1.0                    | -0.010612443640645553  | 0.036336459719959545   | -0.02498700175166693    | 0.00480066241493212    |
| Time_of_day_Afternoon       | 0.00231171997611413     | 0.016572956291577817    | -0.014325651172040137  | -0.005871890541899166   | 0.0029886459077657374  | -0.0005191196364152948  | 0.00114659526711116     | 0.002057895409684661    | -0.0015235577937046374  | 0.0031010636004336     | -0.03082479287218879    | -0.0018046165867384794      | 0.015870598305164525        | -0.010720104319840017      | -0.00906131557358274        | -0.002033028145623195  | -0.0035454939031203656  | -0.0006498234880167346  | -0.0013309579991572652  | -0.004294453357452269  | -0.002147900310778478  | 0.0019743940669220534   | 0.00019860907721527943  | 0.06652426554835583    | 0.019336283852435732   | 0.01722847429746206    | -0.04799270105258392   | -0.04093263322200626   | 0.021691285735731737   | 0.009534094031019959   | -0.010612443640645553  | 1.0                    | -0.3183456785939592    | -0.39827301618016936    | -0.41807231211749607   |
| Time_of_day_Evening         | -0.005010265182250053   | -0.007092867466025308   | 0.0089629399035275     | 0.0030836960482145694   | -0.0038696287830586847 | -0.0038073026591519607  | -0.0015811864735224865  | -0.002564109987282575   | -0.0009929887757734385  | -0.0006057970951658751 | 0.04835007093205887     | -0.0030034518565614917      | -0.011956371041410672       | 0.011226607768966071       | 0.003604505581877596        | 0.0001935451145886611  | -0.0019708012862753206  | -0.0004981019803853011  | 0.00023909877895579506  | 0.0009683917623666126  | 0.0022467691848510104  | -0.0016915537554012857  | -0.0009884116318799052  | 0.006778749854212661   | -0.013823554945118957  | 0.0067684498903611175  | -0.006588502662789533  | -0.0036055312244993943 | -0.009601831212993543  | -0.014887906857325925  | 0.036336459719959545   | -0.3183456785939592    | 1.0                    | -0.2520826641152978     | -0.26461441762286664   |
| Time_of_day_Morning         | -0.007503479921672219   | 0.027126370225222043    | -0.015513460448318847  | -0.020208824769765016   | -0.005478988112009742  | -0.0010074668218228386  | -0.0005431663933374181  | -0.002069015287177533   | -0.004013362400577655   | -0.003988407705944075  | -0.030413954866084704   | -0.007100886260178996       | 0.029669386616535776        | -0.017721215002923476      | -0.020871572849905363       | -0.004327237126328526  | -0.00037569484712696795 | -0.0011362139849443868  | -0.0011607342521567706  | -0.004383351673768984  | -0.0019894538302510645 | 0.0029320338746253245   | -0.0010735128722729054  | -0.04345075823158768   | 0.028894944538081144   | 0.009766917251071941   | -0.02298474434235362   | -0.04417275737594882   | 0.013710907929571896   | 0.016598442262065582   | -0.02498700175166693   | -0.39827301618016936   | -0.2520826641152978    | 1.0                     | -0.33105139889723073   |
| Time_of_day_Night           | 0.009108058205402406    | -0.03829165600516856    | 0.022937410081840713   | 0.023422164113442754    | 0.005428076540010363   | 0.004794570879391524    | 0.0006436765255121295   | 0.0019892455094468265   | 0.006408053975485985    | 0.001064828768196524   | 0.02163873469760442     | 0.011441306369491948        | -0.035862415894961266       | 0.019269803949123924       | 0.027064357008083517        | 0.00625059439523976    | 0.005873951487704121    | 0.0022351402757193103   | 0.002364186096774695    | 0.008082857401197355   | 0.002339566494886997   | -0.0035464512722794845  | 0.0016775371714192254   | -0.03513920800567411   | -0.03725020970609208   | -0.033894918314099874  | 0.07982363803075608    | 0.09033875454955287    | -0.02857738054393005   | -0.013768069575756284  | 0.00480066241493212    | -0.41807231211749607   | -0.26461441762286664   | -0.33105139889723073    | 1.0                    |
|                             |                         |                         |                        |                         |                        |                         |                         |                         |                         |                        |                         |                             |                             |                            |                             |                        |                         |                         |                         |                        |                        |                         |                         |                        |                        |                        |                        |                        |                        |                        |                        |                        |                        |                         |                        |